42,8,
5,1,
2773,1,2,3,4,
26,1,2,3,4,5,6,7,8,9,10,
10,1,2,3,4,5,6,7,8,9,10,11,12,13,14,
13,1,2,3,4,5,6,7,8,9,10,11,12,13,14,15,16,17,18,19,
5,1,2,3,4,5,6,7,8,9,10,11,12,13,14,15,16,17,18,19,20,21,22,23,24,25,26,
4,1,2,3,4,5,6,7,8,9,10,11,12,13,14,15,16,17,18,19,20,21,22,23,24,25,26,27,28,29,30,
1,1,2,3,4,5,6,7,8,9,10,11,12,13,14,15,16,17,18,19,20,21,22,23,24,25,26,27,28,29,30,31,32,33,34,
45,1,2,3,4,5,6,7,8,9,10,11,12,13,14,15,16,17,18,19,20,21,22,23,24,25,26,27,28,29,30,31,32,33,34,35,36,37,38,39,40,41,
1,1,2,3,4,5,6,7,8,9,10,11,12,13,14,15,16,17,18,19,20,21,22,23,24,25,26,27,28,29,30,35,36,37,38,39,40,41,31,32,33,34,
2,1,2,3,4,5,6,7,8,9,10,11,12,13,14,15,16,17,18,19,20,21,22,23,24,25,26,31,32,33,34,35,36,37,38,39,40,41,27,28,29,30,
1,1,2,3,4,5,6,7,8,9,10,11,12,13,14,15,16,17,18,19,20,21,22,23,24,25,26,35,36,37,38,39,40,41,
15,1,2,3,4,5,6,7,8,9,10,11,12,13,14,15,16,17,18,19,20,21,22,23,24,25,26,35,36,37,38,39,40,41,27,28,29,30,31,32,33,34,
5,1,2,3,4,5,6,7,8,9,10,11,12,13,14,15,16,17,18,19,20,21,22,23,24,25,26,35,36,37,38,39,40,41,31,32,33,34,27,28,29,30,
1,1,2,3,4,5,6,7,8,9,10,11,12,13,14,15,16,17,18,19,27,28,29,30,
1,1,2,3,4,5,6,7,8,9,10,11,12,13,14,15,16,17,18,19,35,36,37,38,39,40,41,20,21,22,23,24,25,26,27,28,29,30,31,32,33,34,
1,1,2,3,4,5,6,7,8,9,10,11,12,13,14,15,16,17,18,19,35,36,37,38,39,40,41,27,28,29,30,20,21,22,23,24,25,26,31,32,33,34,
1,1,2,3,4,5,6,7,8,9,10,11,12,13,14,20,21,22,23,24,25,26,15,16,17,18,19,27,28,29,30,35,36,37,38,39,40,41,31,32,33,34,
2,1,2,3,4,5,6,7,8,9,10,11,12,13,14,20,21,22,23,24,25,26,15,16,17,18,19,31,32,33,34,27,28,29,30,35,36,37,38,39,40,41,
1,1,2,3,4,5,6,7,8,9,10,11,12,13,14,20,21,22,23,24,25,26,15,16,17,18,19,35,36,37,38,39,40,41,27,28,29,30,31,32,33,34,
1,1,2,3,4,5,6,7,8,9,10,11,12,13,14,20,21,22,23,24,25,26,35,36,37,38,39,40,41,15,16,17,18,19,27,28,29,30,31,32,33,34,
1,1,2,3,4,5,6,7,8,9,10,11,12,13,14,27,28,29,30,15,16,17,18,19,20,21,22,23,24,25,26,31,32,33,34,35,36,37,38,39,40,41,
135,1,2,3,4,5,6,7,8,9,10,11,12,13,14,35,36,37,38,39,40,41,
1,1,2,3,4,5,6,7,8,9,10,11,12,13,14,35,36,37,38,39,40,41,20,21,22,23,24,25,26,15,16,17,18,19,31,32,33,34,27,28,29,30,
2,1,2,3,4,5,6,7,8,9,10,15,16,17,18,19,
2,1,2,3,4,5,6,7,8,9,10,15,16,17,18,19,11,12,13,14,
1,1,2,3,4,5,6,7,8,9,10,15,16,17,18,19,11,12,13,14,20,21,22,23,24,25,26,35,36,37,38,39,40,41,27,28,29,30,31,32,33,34,
1,1,2,3,4,5,6,7,8,9,10,15,16,17,18,19,11,12,13,14,35,36,37,38,39,40,41,20,21,22,23,24,25,26,
1,1,2,3,4,5,6,7,8,9,10,15,16,17,18,19,20,21,22,23,24,25,26,
1,1,2,3,4,5,6,7,8,9,10,15,16,17,18,19,20,21,22,23,24,25,26,11,12,13,14,27,28,29,30,35,36,37,38,39,40,41,31,32,33,34,
1,1,2,3,4,5,6,7,8,9,10,15,16,17,18,19,20,21,22,23,24,25,26,27,28,29,30,31,32,33,34,35,36,37,38,39,40,41,11,12,13,14,
1,1,2,3,4,5,6,7,8,9,10,15,16,17,18,19,20,21,22,23,24,25,26,35,36,37,38,39,40,41,11,12,13,14,
1,1,2,3,4,5,6,7,8,9,10,15,16,17,18,19,27,28,29,30,20,21,22,23,24,25,26,31,32,33,34,11,12,13,14,35,36,37,38,39,40,41,
1,1,2,3,4,5,6,7,8,9,10,15,16,17,18,19,31,32,33,34,27,28,29,30,20,21,22,23,24,25,26,35,36,37,38,39,40,41,11,12,13,14,
3,1,2,3,4,5,6,7,8,9,10,15,16,17,18,19,35,36,37,38,39,40,41,
1,1,2,3,4,5,6,7,8,9,10,20,21,22,23,24,25,26,
1,1,2,3,4,5,6,7,8,9,10,20,21,22,23,24,25,26,11,12,13,14,
2,1,2,3,4,5,6,7,8,9,10,20,21,22,23,24,25,26,11,12,13,14,15,16,17,18,19,35,36,37,38,39,40,41,27,28,29,30,31,32,33,34,
1,1,2,3,4,5,6,7,8,9,10,20,21,22,23,24,25,26,11,12,13,14,27,28,29,30,15,16,17,18,19,31,32,33,34,35,36,37,38,39,40,41,
1,1,2,3,4,5,6,7,8,9,10,20,21,22,23,24,25,26,11,12,13,14,35,36,37,38,39,40,41,31,32,33,34,27,28,29,30,15,16,17,18,19,
1,1,2,3,4,5,6,7,8,9,10,20,21,22,23,24,25,26,15,16,17,18,19,
1,1,2,3,4,5,6,7,8,9,10,20,21,22,23,24,25,26,15,16,17,18,19,11,12,13,14,27,28,29,30,
1,1,2,3,4,5,6,7,8,9,10,20,21,22,23,24,25,26,35,36,37,38,39,40,41,11,12,13,14,15,16,17,18,19,27,28,29,30,31,32,33,34,
1,1,2,3,4,5,6,7,8,9,10,27,28,29,30,
1,1,2,3,4,5,6,7,8,9,10,31,32,33,34,11,12,13,14,15,16,17,18,19,27,28,29,30,35,36,37,38,39,40,41,20,21,22,23,24,25,26,
3,1,2,3,4,5,6,7,8,9,10,35,36,37,38,39,40,41,
5,1,2,3,4,5,6,7,8,9,10,35,36,37,38,39,40,41,11,12,13,14,
1,1,2,3,4,5,6,7,8,9,10,35,36,37,38,39,40,41,11,12,13,14,15,16,17,18,19,20,21,22,23,24,25,26,27,28,29,30,31,32,33,34,
1,1,2,3,4,5,6,7,8,9,10,35,36,37,38,39,40,41,11,12,13,14,15,16,17,18,19,20,21,22,23,24,25,26,31,32,33,34,27,28,29,30,
1,1,2,3,4,5,6,7,8,9,10,35,36,37,38,39,40,41,15,16,17,18,19,
2,1,2,3,4,5,6,7,8,9,10,35,36,37,38,39,40,41,20,21,22,23,24,25,26,
1,1,2,3,4,5,12,17,28,
1,1,2,3,4,6,
22,1,2,3,4,11,12,13,14,
4,1,2,3,4,11,12,13,14,5,6,7,8,9,10,
1,1,2,3,4,11,12,13,14,5,6,7,8,9,10,15,16,17,18,19,
1,1,2,3,4,11,12,13,14,5,6,7,8,9,10,15,16,17,18,19,20,21,22,23,24,25,26,27,28,29,30,31,32,33,34,35,36,37,38,39,40,41,
1,1,2,3,4,11,12,13,14,5,6,7,8,9,10,15,16,17,18,19,20,21,22,23,24,25,26,31,32,33,34,27,28,29,30,35,36,37,38,39,40,41,
1,1,2,3,4,11,12,13,14,5,6,7,8,9,10,15,16,17,18,19,20,21,22,23,24,25,26,35,36,37,38,39,40,41,27,28,29,30,31,32,33,34,
2,1,2,3,4,11,12,13,14,5,6,7,8,9,10,15,16,17,18,19,27,28,29,30,20,21,22,23,24,25,26,31,32,33,34,35,36,37,38,39,40,41,
2,1,2,3,4,11,12,13,14,5,6,7,8,9,10,15,16,17,18,19,27,28,29,30,20,21,22,23,24,25,26,35,36,37,38,39,40,41,31,32,33,34,
1,1,2,3,4,11,12,13,14,5,6,7,8,9,10,15,16,17,18,19,31,32,33,34,27,28,29,30,20,21,22,23,24,25,26,35,36,37,38,39,40,41,
1,1,2,3,4,11,12,13,14,5,6,7,8,9,10,15,16,17,18,19,31,32,33,34,35,36,37,38,39,40,41,27,28,29,30,20,21,22,23,24,25,26,
1,1,2,3,4,11,12,13,14,5,6,7,8,9,10,15,16,17,18,19,35,36,37,38,39,40,41,20,21,22,23,24,25,26,
1,1,2,3,4,11,12,13,14,5,6,7,8,9,10,20,21,22,23,24,25,26,15,16,17,18,19,27,28,29,30,31,32,33,34,35,36,37,38,39,40,41,
1,1,2,3,4,11,12,13,14,5,6,7,8,9,10,20,21,22,23,24,25,26,15,16,17,18,19,27,28,29,30,35,36,37,38,39,40,41,31,32,33,34,
2,1,2,3,4,11,12,13,14,5,6,7,8,9,10,20,21,22,23,24,25,26,15,16,17,18,19,35,36,37,38,39,40,41,27,28,29,30,31,32,33,34,
1,1,2,3,4,11,12,13,14,5,6,7,8,9,10,27,28,29,30,
1,1,2,3,4,11,12,13,14,5,6,7,8,9,10,27,28,29,30,15,16,17,18,19,20,21,22,23,24,25,26,31,32,33,34,35,36,37,38,39,40,41,
5,1,2,3,4,11,12,13,14,5,6,7,8,9,10,35,36,37,38,39,40,41,
1,1,2,3,4,11,12,13,14,5,6,7,8,9,10,35,36,37,38,39,40,41,31,32,33,34,27,28,29,30,20,21,22,23,24,25,26,15,16,17,18,19,
1,1,2,3,4,11,12,13,14,15,16,17,18,19,
2,1,2,3,4,11,12,13,14,15,16,17,18,19,5,6,7,8,9,10,20,21,22,23,24,25,26,27,28,29,30,31,32,33,34,35,36,37,38,39,40,41,
1,1,2,3,4,11,12,13,14,15,16,17,18,19,5,6,7,8,9,10,27,28,29,30,35,36,37,38,39,40,41,31,32,33,34,20,21,22,23,24,25,26,
1,1,2,3,4,11,12,13,14,15,16,17,18,19,20,21,22,23,24,25,26,5,6,7,8,9,10,27,28,29,30,35,36,37,38,39,40,41,31,32,33,34,
1,1,2,3,4,11,12,13,14,15,16,17,18,19,20,21,22,23,24,25,26,5,6,7,8,9,10,35,36,37,38,39,40,41,27,28,29,30,31,32,33,34,
1,1,2,3,4,11,12,13,14,15,16,17,18,19,27,28,29,30,
1,1,2,3,4,11,12,13,14,15,16,17,18,19,27,28,29,30,20,21,22,23,24,25,26,
1,1,2,3,4,11,12,13,14,15,16,17,18,19,27,28,29,30,35,36,37,38,39,40,41,31,32,33,34,5,6,7,8,9,10,
4,1,2,3,4,11,12,13,14,20,21,22,23,24,25,26,
1,1,2,3,4,11,12,13,14,20,21,22,23,24,25,26,5,6,7,8,9,10,15,16,17,18,19,27,28,29,30,35,36,37,38,39,40,41,31,32,33,34,
1,1,2,3,4,11,12,13,14,20,21,22,23,24,25,26,15,16,17,18,19,
1,1,2,3,4,11,12,13,14,20,21,22,23,24,25,26,15,16,17,18,19,5,6,7,8,9,10,27,28,29,30,31,32,33,34,35,36,37,38,39,40,41,
2,1,2,3,4,11,12,13,14,20,21,22,23,24,25,26,27,28,29,30,
1,1,2,3,4,11,12,13,14,20,21,22,23,24,25,26,27,28,29,30,5,6,7,8,9,10,15,16,17,18,19,35,36,37,38,39,40,41,31,32,33,34,
1,1,2,3,4,11,12,13,14,27,28,29,30,
1,1,2,3,4,11,12,13,14,27,28,29,30,15,16,17,18,19,
2,1,2,3,4,11,12,13,14,27,28,29,30,35,36,37,38,39,40,41,
1,1,2,3,4,11,12,13,14,31,32,33,34,15,16,17,18,19,
1,1,2,3,4,11,12,13,14,31,32,33,34,20,21,22,23,24,25,26,15,16,17,18,19,5,6,7,8,9,10,27,28,29,30,35,36,37,38,39,40,41,
1,1,2,3,4,11,12,13,14,31,32,33,34,27,28,29,30,
1,1,2,3,4,11,12,13,14,35,36,37,38,39,40,41,
1,1,2,3,4,11,12,13,14,35,36,37,38,39,40,41,5,6,7,8,9,10,
1,1,2,3,4,11,12,13,14,35,36,37,38,39,40,41,15,16,17,18,19,20,21,22,23,24,25,26,27,28,29,30,31,32,33,34,
1,1,2,3,4,11,12,13,14,35,36,37,38,39,40,41,20,21,22,23,24,25,26,15,16,17,18,19,5,6,7,8,9,10,27,28,29,30,31,32,33,34,
1,1,2,3,4,15,
17,1,2,3,4,15,16,17,18,19,
1,1,2,3,4,15,16,17,18,19,5,6,7,8,9,10,
1,1,2,3,4,15,16,17,18,19,5,6,7,8,9,10,11,12,13,14,
1,1,2,3,4,15,16,17,18,19,5,6,7,8,9,10,11,12,13,14,20,21,22,23,24,25,26,27,28,29,30,31,32,33,34,35,36,37,38,39,40,41,
1,1,2,3,4,15,16,17,18,19,5,6,7,8,9,10,11,12,13,14,20,21,22,23,24,25,26,35,36,37,38,39,40,41,27,28,29,30,31,32,33,34,
1,1,2,3,4,15,16,17,18,19,5,6,7,8,9,10,20,21,22,23,24,25,26,
1,1,2,3,4,15,16,17,18,19,5,6,7,8,9,10,27,28,29,30,11,12,13,14,31,32,33,34,20,21,22,23,24,25,26,35,36,37,38,39,40,41,
3,1,2,3,4,15,16,17,18,19,11,12,13,14,5,6,7,8,9,10,
1,1,2,3,4,15,16,17,18,19,11,12,13,14,5,6,7,8,9,10,20,21,22,23,24,25,26,
1,1,2,3,4,15,16,17,18,19,11,12,13,14,5,6,7,8,9,10,20,21,22,23,24,25,26,35,36,37,38,39,40,41,27,28,29,30,31,32,33,34,
2,1,2,3,4,15,16,17,18,19,11,12,13,14,5,6,7,8,9,10,31,32,33,34,35,36,37,38,39,40,41,27,28,29,30,20,21,22,23,24,25,26,
1,1,2,3,4,15,16,17,18,19,11,12,13,14,20,21,22,23,24,25,26,31,32,33,34,35,36,37,38,39,40,41,27,28,29,30,5,6,7,8,9,10,
1,1,2,3,4,15,16,17,18,19,11,12,13,14,27,28,29,30,20,21,22,23,24,25,26,5,6,7,8,9,10,31,32,33,34,35,36,37,38,39,40,41,
1,1,2,3,4,15,16,17,18,19,11,12,13,14,35,36,37,38,39,40,41,
2,1,2,3,4,15,16,17,18,19,20,21,22,23,24,25,26,
1,1,2,3,4,15,16,17,18,19,20,21,22,23,24,25,26,11,12,13,14,5,6,7,8,9,10,27,28,29,30,35,36,37,38,39,40,41,31,32,33,34,
1,1,2,3,4,15,16,17,18,19,20,21,22,23,24,25,26,11,12,13,14,27,28,29,30,
1,1,2,3,4,15,16,17,18,19,20,21,22,23,24,25,26,35,36,37,38,39,40,41,11,12,13,14,5,6,7,8,9,10,31,32,33,34,27,28,29,30,
1,1,2,3,4,15,16,17,18,19,27,28,29,30,
1,1,2,3,4,15,16,17,18,19,27,28,29,30,5,6,7,8,9,10,11,12,13,14,35,36,37,38,39,40,41,31,32,33,34,20,21,22,23,24,25,26,
1,1,2,3,4,15,16,17,18,19,27,28,29,30,11,12,13,14,35,36,37,38,39,40,41,
1,1,2,3,4,15,16,17,18,19,27,28,29,30,31,32,33,34,
1,1,2,3,4,15,16,17,18,19,27,28,29,30,31,32,33,34,20,21,22,23,24,25,26,11,12,13,14,5,6,7,8,9,10,35,36,37,38,39,40,41,
1,1,2,3,4,15,16,17,18,19,31,32,33,34,
1,1,2,3,4,15,16,17,18,19,31,32,33,34,27,28,29,30,
2,1,2,3,4,15,16,17,18,19,35,36,37,38,39,40,41,
2,1,2,3,4,15,16,17,18,19,35,36,37,38,39,40,41,31,32,33,34,27,28,29,30,20,21,22,23,24,25,26,11,12,13,14,5,6,7,8,9,10,
1,1,2,3,4,18,26,
54,1,2,3,4,20,21,22,23,24,25,26,
2,1,2,3,4,20,21,22,23,24,25,26,5,6,7,8,9,10,11,12,13,14,
1,1,2,3,4,20,21,22,23,24,25,26,5,6,7,8,9,10,11,12,13,14,15,16,17,18,19,
1,1,2,3,4,20,21,22,23,24,25,26,5,6,7,8,9,10,11,12,13,14,15,16,17,18,19,27,28,29,30,31,32,33,34,35,36,37,38,39,40,41,
1,1,2,3,4,20,21,22,23,24,25,26,5,6,7,8,9,10,11,12,13,14,15,16,17,18,19,31,32,33,34,27,28,29,30,35,36,37,38,39,40,41,
2,1,2,3,4,20,21,22,23,24,25,26,5,6,7,8,9,10,11,12,13,14,15,16,17,18,19,35,36,37,38,39,40,41,27,28,29,30,31,32,33,34,
1,1,2,3,4,20,21,22,23,24,25,26,5,6,7,8,9,10,11,12,13,14,15,16,17,18,19,35,36,37,38,39,40,41,31,32,33,34,27,28,29,30,
1,1,2,3,4,20,21,22,23,24,25,26,5,6,7,8,9,10,11,12,13,14,27,28,29,30,15,16,17,18,19,31,32,33,34,35,36,37,38,39,40,41,
4,1,2,3,4,20,21,22,23,24,25,26,5,6,7,8,9,10,15,16,17,18,19,
2,1,2,3,4,20,21,22,23,24,25,26,5,6,7,8,9,10,15,16,17,18,19,11,12,13,14,27,28,29,30,31,32,33,34,35,36,37,38,39,40,41,
1,1,2,3,4,20,21,22,23,24,25,26,5,6,7,8,9,10,27,28,29,30,11,12,13,14,35,36,37,38,39,40,41,15,16,17,18,19,31,32,33,34,
1,1,2,3,4,20,21,22,23,24,25,26,5,6,7,8,9,10,35,36,37,38,39,40,41,
2,1,2,3,4,20,21,22,23,24,25,26,11,12,13,14,
1,1,2,3,4,20,21,22,23,24,25,26,11,12,13,14,15,16,17,18,19,5,6,7,8,9,10,35,36,37,38,39,40,41,27,28,29,30,31,32,33,34,
1,1,2,3,4,20,21,22,23,24,25,26,11,12,13,14,27,28,29,30,35,36,37,38,39,40,41,15,16,17,18,19,5,6,7,8,9,10,31,32,33,34,
2,1,2,3,4,20,21,22,23,24,25,26,15,16,17,18,19,
1,1,2,3,4,20,21,22,23,24,25,26,15,16,17,18,19,5,6,7,8,9,10,
3,1,2,3,4,20,21,22,23,24,25,26,15,16,17,18,19,11,12,13,14,5,6,7,8,9,10,
1,1,2,3,4,20,21,22,23,24,25,26,15,16,17,18,19,11,12,13,14,5,6,7,8,9,10,31,32,33,34,27,28,29,30,35,36,37,38,39,40,41,
1,1,2,3,4,20,21,22,23,24,25,26,15,16,17,18,19,11,12,13,14,27,28,29,30,31,32,33,34,5,6,7,8,9,10,35,36,37,38,39,40,41,
1,1,2,3,4,20,21,22,23,24,25,26,15,16,17,18,19,31,32,33,34,
2,1,2,3,4,20,21,22,23,24,25,26,27,28,29,30,
1,1,2,3,4,20,21,22,23,24,25,26,27,28,29,30,5,6,7,8,9,10,35,36,37,38,39,40,41,15,16,17,18,19,11,12,13,14,31,32,33,34,
2,1,2,3,4,20,21,22,23,24,25,26,27,28,29,30,15,16,17,18,19,11,12,13,14,5,6,7,8,9,10,31,32,33,34,35,36,37,38,39,40,41,
1,1,2,3,4,20,21,22,23,24,25,26,27,28,29,30,15,16,17,18,19,31,32,33,34,11,12,13,14,5,6,7,8,9,10,35,36,37,38,39,40,41,
1,1,2,3,4,20,21,22,23,24,25,26,27,28,29,30,31,32,33,34,
1,1,2,3,4,20,21,22,23,24,25,26,27,28,29,30,31,32,33,34,11,12,13,14,5,6,7,8,9,10,35,36,37,38,39,40,41,15,16,17,18,19,
1,1,2,3,4,20,21,22,23,24,25,26,27,28,29,30,31,32,33,34,35,36,37,38,39,40,41,15,16,17,18,19,11,12,13,14,5,6,7,8,9,10,
1,1,2,3,4,20,21,22,23,24,25,26,27,28,29,30,35,36,37,38,39,40,41,
1,1,2,3,4,20,21,22,23,24,25,26,31,32,33,34,11,12,13,14,
1,1,2,3,4,20,21,22,23,24,25,26,31,32,33,34,11,12,13,14,5,6,7,8,9,10,15,16,17,18,19,35,36,37,38,39,40,41,27,28,29,30,
1,1,2,3,4,20,21,22,23,24,25,26,31,32,33,34,11,12,13,14,15,16,17,18,19,5,6,7,8,9,10,27,28,29,30,35,36,37,38,39,40,41,
4,1,2,3,4,20,21,22,23,24,25,26,35,36,37,38,39,40,41,
1,1,2,3,4,20,21,22,23,24,25,26,35,36,37,38,39,40,41,5,6,7,8,9,10,
1,1,2,3,4,20,21,22,23,24,25,26,35,36,37,38,39,40,41,5,6,7,8,9,10,11,12,13,14,15,16,17,18,19,27,28,29,30,31,32,33,34,
1,1,2,3,4,20,21,22,23,24,25,26,35,36,37,38,39,40,41,11,12,13,14,
1,1,2,3,4,20,21,22,23,24,25,26,35,36,37,38,39,40,41,15,16,17,18,19,5,6,7,8,9,10,11,12,13,14,27,28,29,30,31,32,33,34,
2,1,2,3,4,20,21,22,23,24,25,26,35,36,37,38,39,40,41,15,16,17,18,19,11,12,13,14,5,6,7,8,9,10,27,28,29,30,31,32,33,34,
1,1,2,3,4,20,21,22,23,24,25,26,35,36,37,38,39,40,41,15,16,17,18,19,11,12,13,14,5,6,7,8,9,10,31,32,33,34,27,28,29,30,
1,1,2,3,4,20,21,22,23,24,25,26,35,36,37,38,39,40,41,27,28,29,30,
1,1,2,3,4,20,21,22,23,24,25,26,35,36,37,38,39,40,41,27,28,29,30,15,16,17,18,19,5,6,7,8,9,10,11,12,13,14,31,32,33,34,
1,1,2,3,4,20,21,22,23,24,25,26,35,36,37,38,39,40,41,31,32,33,34,5,6,7,8,9,10,15,16,17,18,19,11,12,13,14,27,28,29,30,
1,1,2,3,4,20,21,22,23,24,25,26,35,36,37,38,39,40,41,31,32,33,34,27,28,29,30,15,16,17,18,19,5,6,7,8,9,10,11,12,13,14,
2,1,2,3,4,23,21,24,
8,1,2,3,4,27,28,29,30,
1,1,2,3,4,27,28,29,30,5,6,7,8,9,10,11,12,13,14,15,16,17,18,19,20,21,22,23,24,25,26,31,32,33,34,35,36,37,38,39,40,41,
1,1,2,3,4,27,28,29,30,5,6,7,8,9,10,11,12,13,14,15,16,17,18,19,20,21,22,23,24,25,26,35,36,37,38,39,40,41,31,32,33,34,
1,1,2,3,4,27,28,29,30,11,12,13,14,
1,1,2,3,4,27,28,29,30,20,21,22,23,24,25,26,
2,1,2,3,4,27,28,29,30,20,21,22,23,24,25,26,35,36,37,38,39,40,41,15,16,17,18,19,11,12,13,14,31,32,33,34,5,6,7,8,9,10,
3,1,2,3,4,27,28,29,30,31,32,33,34,
2,1,2,3,4,27,28,29,30,31,32,33,34,5,6,7,8,9,10,
1,1,2,3,4,27,28,29,30,31,32,33,34,11,12,13,14,35,36,37,38,39,40,41,15,16,17,18,19,5,6,7,8,9,10,20,21,22,23,24,25,26,
1,1,2,3,4,27,28,29,30,31,32,33,34,35,36,37,38,39,40,41,20,21,22,23,24,25,26,15,16,17,18,19,11,12,13,14,5,6,7,8,9,10,
1,1,2,3,4,27,28,29,30,35,36,37,38,39,40,41,
1,1,2,3,4,27,28,29,30,35,36,37,38,39,40,41,20,21,22,23,24,25,26,15,16,17,18,19,11,12,13,14,5,6,7,8,9,10,31,32,33,34,
6,1,2,3,4,31,32,33,34,
1,1,2,3,4,31,32,33,34,5,6,7,8,9,10,11,12,13,14,15,16,17,18,19,20,21,22,23,24,25,26,35,36,37,38,39,40,41,27,28,29,30,
1,1,2,3,4,31,32,33,34,11,12,13,14,
2,1,2,3,4,31,32,33,34,15,16,17,18,19,
1,1,2,3,4,31,32,33,34,15,16,17,18,19,11,12,13,14,
1,1,2,3,4,31,32,33,34,15,16,17,18,19,35,36,37,38,39,40,41,
1,1,2,3,4,31,32,33,34,20,21,22,23,24,25,26,
1,1,2,3,4,31,32,33,34,20,21,22,23,24,25,26,15,16,17,18,19,11,12,13,14,5,6,7,8,9,10,27,28,29,30,35,36,37,38,39,40,41,42,
5,1,2,3,4,31,32,33,34,27,28,29,30,
1,1,2,3,4,31,32,33,34,27,28,29,30,15,16,17,18,19,20,21,22,23,24,25,26,5,6,7,8,9,10,35,36,37,38,39,40,41,11,12,13,14,
1,1,2,3,4,31,32,33,34,35,36,37,38,39,40,41,5,6,7,8,9,10,11,12,13,14,15,16,17,18,19,20,21,22,23,24,25,26,27,28,29,30,
1,1,2,3,4,31,32,33,34,35,36,37,38,39,40,41,20,21,22,23,24,25,26,5,6,7,8,9,10,11,12,13,14,15,16,17,18,19,27,28,29,30,
1,1,2,3,4,31,32,33,34,35,36,37,38,39,40,41,27,28,29,30,
1,1,2,3,4,35,
35,1,2,3,4,35,36,37,38,39,40,41,
1,1,2,3,4,35,36,37,38,39,40,41,5,6,7,8,9,10,
2,1,2,3,4,35,36,37,38,39,40,41,5,6,7,8,9,10,11,12,13,14,
4,1,2,3,4,35,36,37,38,39,40,41,5,6,7,8,9,10,11,12,13,14,15,16,17,18,19,20,21,22,23,24,25,26,27,28,29,30,31,32,33,34,
1,1,2,3,4,35,36,37,38,39,40,41,5,6,7,8,9,10,11,12,13,14,20,21,22,23,24,25,26,15,16,17,18,19,27,28,29,30,31,32,33,34,
1,1,2,3,4,35,36,37,38,39,40,41,5,6,7,8,9,10,11,12,13,14,27,28,29,30,20,21,22,23,24,25,26,31,32,33,34,15,16,17,18,19,
2,1,2,3,4,35,36,37,38,39,40,41,11,12,13,14,
1,1,2,3,4,35,36,37,38,39,40,41,11,12,13,14,5,6,7,8,9,10,
3,1,2,3,4,35,36,37,38,39,40,41,11,12,13,14,5,6,7,8,9,10,15,16,17,18,19,20,21,22,23,24,25,26,27,28,29,30,31,32,33,34,
1,1,2,3,4,35,36,37,38,39,40,41,11,12,13,14,5,6,7,8,9,10,15,16,17,18,19,20,21,22,23,24,25,26,31,32,33,34,27,28,29,30,
1,1,2,3,4,35,36,37,38,39,40,41,11,12,13,14,5,6,7,8,9,10,20,21,22,23,24,25,26,15,16,17,18,19,27,28,29,30,31,32,33,34,
1,1,2,3,4,35,36,37,38,39,40,41,11,12,13,14,20,21,22,23,24,25,26,
1,1,2,3,4,35,36,37,38,39,40,41,11,12,13,14,20,21,22,23,24,25,26,15,16,17,18,19,5,6,7,8,9,10,27,28,29,30,31,32,33,34,
1,1,2,3,4,35,36,37,38,39,40,41,11,12,13,14,20,21,22,23,24,25,26,27,28,29,30,5,6,7,8,9,10,15,16,17,18,19,31,32,33,34,
1,1,2,3,4,35,36,37,38,39,40,41,11,12,13,14,27,28,29,30,5,6,7,8,9,10,15,16,17,18,19,20,21,22,23,24,25,26,31,32,33,34,
5,1,2,3,4,35,36,37,38,39,40,41,15,16,17,18,19,
2,1,2,3,4,35,36,37,38,39,40,41,15,16,17,18,19,5,6,7,8,9,10,11,12,13,14,20,21,22,23,24,25,26,27,28,29,30,31,32,33,34,
1,1,2,3,4,35,36,37,38,39,40,41,15,16,17,18,19,5,6,7,8,9,10,11,12,13,14,31,32,33,34,27,28,29,30,20,21,22,23,24,25,26,
1,1,2,3,4,35,36,37,38,39,40,41,15,16,17,18,19,11,12,13,14,
1,1,2,3,4,35,36,37,38,39,40,41,15,16,17,18,19,11,12,13,14,27,28,29,30,5,6,7,8,9,10,20,21,22,23,24,25,26,31,32,33,34,
1,1,2,3,4,35,36,37,38,39,40,41,15,16,17,18,19,20,21,22,23,24,25,26,11,12,13,14,31,32,33,34,27,28,29,30,5,6,7,8,9,10,
7,1,2,3,4,35,36,37,38,39,40,41,20,21,22,23,24,25,26,
1,1,2,3,4,35,36,37,38,39,40,41,20,21,22,23,24,25,26,5,6,7,8,9,10,11,12,13,14,15,16,17,18,19,27,28,29,30,31,32,33,34,
1,1,2,3,4,35,36,37,38,39,40,41,20,21,22,23,24,25,26,5,6,7,8,9,10,15,16,17,18,19,11,12,13,14,31,32,33,34,27,28,29,30,
1,1,2,3,4,35,36,37,38,39,40,41,20,21,22,23,24,25,26,11,12,13,14,
2,1,2,3,4,35,36,37,38,39,40,41,20,21,22,23,24,25,26,11,12,13,14,5,6,7,8,9,10,15,16,17,18,19,27,28,29,30,31,32,33,34,
1,1,2,3,4,35,36,37,38,39,40,41,20,21,22,23,24,25,26,11,12,13,14,15,16,17,18,19,27,28,29,30,5,6,7,8,9,10,31,32,33,34,
3,1,2,3,4,35,36,37,38,39,40,41,20,21,22,23,24,25,26,15,16,17,18,19,
1,1,2,3,4,35,36,37,38,39,40,41,20,21,22,23,24,25,26,15,16,17,18,19,11,12,13,14,5,6,7,8,9,10,
1,1,2,3,4,35,36,37,38,39,40,41,20,21,22,23,24,25,26,15,16,17,18,19,11,12,13,14,5,6,7,8,9,10,27,28,29,30,31,32,33,34,
1,1,2,3,4,35,36,37,38,39,40,41,20,21,22,23,24,25,26,27,28,29,30,
1,1,2,3,4,35,36,37,38,39,40,41,20,21,22,23,24,25,26,27,28,29,30,5,6,7,8,9,10,11,12,13,14,15,16,17,18,19,31,32,33,34,
1,1,2,3,4,35,36,37,38,39,40,41,20,21,22,23,24,25,26,31,32,33,34,5,6,7,8,9,10,11,12,13,14,15,16,17,18,19,27,28,29,30,
1,1,2,3,4,35,36,37,38,39,40,41,27,28,29,30,
1,1,2,3,4,35,36,37,38,39,40,41,27,28,29,30,5,6,7,8,9,10,
1,1,2,3,4,35,36,37,38,39,40,41,27,28,29,30,5,6,7,8,9,10,11,12,13,14,31,32,33,34,15,16,17,18,19,20,21,22,23,24,25,26,
1,1,2,3,4,35,36,37,38,39,40,41,27,28,29,30,20,21,22,23,24,25,26,5,6,7,8,9,10,11,12,13,14,15,16,17,18,19,31,32,33,34,
1,1,2,3,4,35,36,37,38,39,40,41,27,28,29,30,20,21,22,23,24,25,26,15,16,17,18,19,5,6,7,8,9,10,11,12,13,14,
1,1,2,3,4,35,36,37,38,39,40,41,27,28,29,30,20,21,22,23,24,25,26,15,16,17,18,19,11,12,13,14,5,6,7,8,9,10,31,32,33,34,
2,1,2,3,4,35,36,37,38,39,40,41,27,28,29,30,31,32,33,34,
1,1,2,3,4,35,36,37,38,39,40,41,31,32,33,34,
1,1,2,3,4,35,36,37,38,39,40,41,31,32,33,34,20,21,22,23,24,25,26,15,16,17,18,19,11,12,13,14,27,28,29,30,5,6,7,8,9,10,
1,1,2,3,4,35,36,37,38,39,40,41,31,32,33,34,27,28,29,30,
1,1,2,3,4,35,36,37,38,39,40,41,31,32,33,34,27,28,29,30,20,21,22,23,24,25,26,15,16,17,18,19,11,12,13,14,5,6,7,8,9,10,
1,1,2,3,4,39,37,5,35,10,38,
1,1,2,3,7,15,
1,1,2,3,12,
1,1,2,3,12,13,15,17,18,
1,1,2,3,35,28,
7,1,2,4,3,
1,1,2,4,3,26,20,25,22,24,
1,1,2,4,37,39,23,
1,1,2,8,42,32,
1,1,2,18,4,
1,1,2,20,23,
1,1,2,20,26,
1,1,2,20,37,
1,1,2,31,32,
1,1,2,35,5,11,6,12,36,3,39,7,13,37,4,8,14,38,9,40,10,41,
1,1,2,35,20,
1,1,2,35,36,
12,1,3,2,4,
1,1,3,2,4,5,10,7,12,
1,1,3,2,4,8,
5,1,3,4,2,
1,1,3,4,2,20,35,8,10,
1,1,3,5,7,20,22,35,41,36,
1,1,3,5,15,35,17,42,37,
1,1,3,5,20,35,36,41,22,7,
1,1,3,5,36,12,
1,1,3,5,36,37,22,12,38,
1,1,3,11,2,
1,1,3,18,4,
1,1,3,35,38,5,22,20,2,
1,1,4,
19,1,4,2,3,
1,1,4,2,3,5,6,7,8,9,10,11,12,13,14,15,16,17,18,19,20,21,22,23,24,25,26,27,28,29,30,31,32,33,34,35,36,37,38,39,40,41,42,
2,1,4,2,3,11,15,35,20,36,37,
1,1,4,2,3,31,20,23,
1,1,4,2,3,35,36,40,41,
1,1,4,2,20,32,18,16,27,
1,1,4,2,23,
1,1,4,2,23,35,3,42,36,38,21,20,25,26,6,5,8,9,10,11,12,13,14,15,16,17,18,19,22,24,37,39,40,41,
1,1,4,2,26,
25,1,4,3,2,
1,1,4,3,2,18,16,26,20,27,28,
1,1,4,3,2,20,26,37,38,
1,1,4,16,26,
1,1,4,18,2,
1,1,4,18,20,23,35,26,30,
1,1,4,18,26,3,8,
1,1,4,18,29,2,3,26,20,35,31,27,28,30,32,33,34,
1,1,4,18,35,37,2,3,23,
1,1,4,20,11,27,37,18,
1,1,4,20,26,2,3,5,37,
1,1,4,20,26,35,37,
2,1,4,23,2,
4,1,4,23,3,
2,1,4,23,26,
1,1,4,23,26,39,
1,1,4,25,2,
1,1,4,25,26,
1,1,4,26,2,3,
1,1,4,26,11,
2,1,4,26,18,2,
2,1,4,26,23,
1,1,4,26,23,20,3,2,
1,1,4,26,25,
1,1,4,26,37,
1,1,4,27,28,35,36,37,38,39,
1,1,4,35,
1,1,4,35,2,3,
1,1,4,35,27,11,15,
1,1,4,35,36,
2,1,4,39,37,18,
1,1,5,6,11,15,16,20,21,
1,1,5,8,4,
3,1,5,11,15,
1,1,5,11,15,20,
1,1,5,11,15,20,27,31,35,42,
1,1,5,15,21,
1,1,5,16,11,25,42,15,20,
1,1,5,20,35,
1,1,5,35,3,8,7,2,10,
4,1,5,35,11,
1,1,5,35,20,
1,1,5,35,42,
1,1,6,11,15,20,27,31,35,42,
1,1,6,13,18,24,30,33,36,42,
1,1,6,14,16,
1,1,7,11,17,
1,1,7,12,28,
2,1,7,13,15,
1,1,7,14,19,
1,1,7,22,33,
1,1,10,12,15,21,29,31,36,42,
1,1,10,26,15,31,42,
1,1,11,3,25,20,5,15,35,
1,1,11,5,15,20,
1,1,11,8,12,
1,1,11,14,15,20,25,
1,1,11,14,25,
1,1,11,15,14,16,2,
2,1,11,16,42,12,13,14,
1,1,11,19,20,35,42,26,
1,1,11,31,27,
1,1,11,42,25,20,16,15,
1,1,11,42,31,
1,1,12,31,8,
1,1,13,8,42,36,23,21,
1,1,13,20,16,
1,1,14,15,35,25,
1,1,15,
1,1,15,2,3,7,
1,1,15,4,2,3,
1,1,15,20,4,
1,1,15,23,25,31,
1,1,15,27,31,18,16,
1,1,15,31,32,29,18,27,
1,1,15,31,35,
1,1,15,35,20,
1,1,15,35,42,
1,1,15,42,35,2,
1,1,16,26,4,
1,1,18,4,15,
1,1,20,2,11,
1,1,20,4,23,
1,1,20,14,11,
1,1,20,15,35,
2,1,20,16,14,
1,1,20,23,25,26,35,
1,1,20,23,26,
1,1,20,25,26,
1,1,20,26,4,
1,1,20,26,22,25,35,
1,1,20,26,31,
2,1,20,26,35,
1,1,20,31,15,
1,1,20,35,3,
1,1,20,35,4,18,
1,1,20,35,25,
1,1,20,35,39,
1,1,21,3,4,
1,1,21,3,20,
1,1,21,30,35,41,40,39,20,15,19,11,14,10,5,2,3,8,4,12,22,
1,1,22,35,15,2,17,
1,1,23,2,3,
2,1,23,4,18,26,15,2,3,16,
1,1,23,4,22,
1,1,25,26,4,23,20,35,
1,1,25,26,4,27,23,
1,1,25,26,24,
1,1,26,2,3,4,20,11,14,22,
1,1,26,4,3,2,
1,1,26,4,18,23,39,37,
1,1,26,4,18,23,39,37,20,21,22,24,25,27,28,29,30,31,32,33,34,2,3,5,6,7,8,9,10,11,12,13,14,15,16,17,19,41,40,38,36,35,
1,1,26,4,20,
2,1,26,4,23,
1,1,26,4,23,3,2,20,25,24,22,21,
1,1,26,15,35,
1,1,26,20,35,
1,1,26,24,21,
1,1,26,25,23,4,27,29,
2,1,26,27,28,
1,1,26,35,20,
1,1,26,35,42,2,3,4,
1,1,27,4,2,3,
1,1,27,4,29,
1,1,27,20,30,
2,1,27,28,29,30,
1,1,27,28,29,30,35,36,37,
1,1,27,28,30,
1,1,27,35,
1,1,28,27,2,29,30,20,5,6,8,12,34,33,21,16,13,14,19,18,24,23,4,3,42,35,31,32,36,37,38,39,40,41,25,26,15,11,9,10,7,17,22,
1,1,28,31,35,
1,1,31,15,24,
1,1,31,27,32,33,34,28,29,30,
1,1,31,29,20,15,18,
1,1,31,33,5,
1,1,31,33,27,29,34,32,28,
1,1,32,16,39,
1,1,33,24,38,17,13,10,30,
1,1,35,3,15,21,
1,1,35,15,11,27,
1,1,35,16,2,3,4,36,40,
1,1,35,18,19,
1,1,35,20,5,
1,1,35,20,16,
1,1,35,20,26,
1,1,35,26,15,
1,1,35,27,15,20,31,
1,1,35,31,15,
1,1,35,36,2,
1,1,35,36,3,11,5,15,17,
1,1,35,36,4,
1,1,35,36,27,
1,1,35,38,2,
1,1,35,39,20,15,14,
1,1,35,41,11,20,
1,1,37,15,35,16,17,18,19,
1,1,37,26,4,18,
1,1,39,26,32,
1,1,39,35,4,26,18,
1,1,42,21,2,
1,2,
23,2,1,3,4,
1,2,1,3,4,5,6,8,
1,2,1,3,4,29,15,
1,2,1,3,33,32,12,35,42,
5,2,1,4,3,
1,2,1,5,3,6,8,4,7,9,10,
1,2,1,8,26,
2,2,1,17,42,
1,2,1,35,11,4,16,42,
1,2,1,35,27,
1,2,1,42,3,4,
1,2,1,42,16,
1,2,1,42,19,
2,2,3,1,4,
2,2,3,4,1,
1,2,3,7,9,12,16,19,
1,2,3,7,9,12,19,16,1,
1,2,4,1,3,
1,2,4,18,1,17,42,
1,2,4,38,19,
1,2,5,13,19,
1,2,5,31,3,1,6,8,
1,2,6,11,17,23,35,42,
1,2,6,12,16,21,27,32,36,
1,2,8,10,4,3,7,9,35,20,26,25,
1,2,10,14,19,
1,2,10,16,22,34,
1,2,10,26,35,15,14,
1,2,11,10,35,
1,2,11,13,29,42,
1,2,11,24,42,
1,2,12,4,14,
1,2,12,21,28,
1,2,12,28,38,
1,2,14,8,12,
1,2,15,20,10,
1,2,15,20,35,
1,2,20,8,16,
1,2,20,22,1,
1,2,20,35,15,1,
1,2,23,4,1,
1,2,26,14,5,
1,2,26,25,24,1,3,4,
1,2,29,28,27,30,1,3,4,5,6,7,8,9,10,11,12,13,14,19,18,35,36,37,38,39,40,41,31,32,33,34,20,21,22,23,24,25,26,15,16,17,42,
1,2,31,20,15,
1,2,31,32,33,34,27,28,29,30,42,
1,2,35,4,21,
1,2,35,15,5,
1,2,35,15,16,
1,2,35,27,22,
1,2,35,38,37,1,
1,2,42,1,3,20,7,35,
1,2,42,1,3,35,7,20,
2,3,1,2,4,
1,3,1,2,4,5,37,
1,3,1,2,4,5,37,42,
1,3,1,4,2,
1,3,1,11,41,35,21,13,42,
1,3,2,1,4,
1,3,2,4,5,
1,3,4,1,2,
1,3,4,25,24,21,20,23,
1,3,6,11,17,21,
1,3,8,11,18,26,
1,3,8,12,17,
1,3,8,12,18,22,29,33,37,
1,3,8,17,13,
1,3,9,12,17,24,
2,3,11,2,4,12,13,
1,3,12,
1,3,16,13,24,
1,3,22,31,41,
1,3,33,31,27,32,28,29,30,
37,4,1,2,3,
1,4,1,2,3,20,26,25,24,23,22,21,42,15,19,18,17,16,41,40,39,38,37,36,35,11,12,13,14,5,6,7,8,9,10,27,28,29,30,34,33,32,31,
1,4,1,2,3,26,23,37,16,
1,4,1,2,3,35,27,28,29,30,36,37,38,39,40,41,5,6,7,8,9,10,11,12,13,14,15,16,17,18,19,31,32,33,20,34,21,22,23,24,25,26,42,
10,4,1,3,2,
1,4,1,3,2,35,
1,4,1,18,15,25,23,
1,4,1,18,26,
1,4,1,18,26,20,37,39,23,42,
1,4,1,20,18,
1,4,1,23,8,
1,4,1,23,20,
1,4,1,23,26,13,
1,4,1,25,20,
1,4,1,25,23,
1,4,1,26,11,
1,4,1,26,20,35,
1,4,1,26,23,20,
1,4,1,26,23,35,15,20,
1,4,1,35,3,
1,4,1,35,8,
1,4,1,35,37,27,
1,4,1,39,26,37,
1,4,2,1,3,
1,4,2,3,1,
5,4,3,1,2,
1,4,3,1,17,18,15,29,27,
9,4,3,2,1,
1,4,3,2,1,42,
1,4,3,16,24,23,18,13,11,
1,4,3,27,28,29,30,1,42,35,36,37,38,39,40,41,11,12,13,14,
1,4,8,11,6,16,17,18,24,29,40,
1,4,8,13,35,42,
2,4,10,14,19,26,30,34,41,42,
1,4,11,14,1,
1,4,11,18,23,
1,4,11,27,29,
1,4,11,41,22,24,
1,4,13,27,31,
1,4,14,26,35,
1,4,15,20,35,
1,4,15,35,1,18,40,
1,4,18,14,20,26,24,22,
1,4,18,20,23,24,35,1,5,11,
1,4,18,26,37,1,33,
1,4,18,31,27,
1,4,20,1,23,
1,4,20,13,23,
1,4,20,22,33,
1,4,20,25,23,
1,4,20,26,21,22,23,24,25,
1,4,20,26,27,28,29,30,42,1,34,33,32,31,41,40,39,38,37,36,35,25,24,23,22,21,19,18,17,16,15,14,13,12,11,10,9,8,7,6,5,3,2,
1,4,20,31,32,
1,4,20,35,1,
1,4,21,35,20,
1,4,22,31,26,33,
3,4,23,1,26,
1,4,23,2,1,
1,4,23,18,24,
1,4,23,18,26,
1,4,23,20,5,
1,4,23,26,1,24,
1,4,23,26,35,39,
1,4,23,27,21,24,28,29,30,
1,4,23,35,26,
1,4,26,1,2,20,18,37,39,
1,4,26,29,31,
1,4,27,28,29,30,20,26,1,42,41,40,39,38,37,36,35,34,33,32,31,25,24,23,22,21,19,18,17,16,15,14,13,12,11,10,9,8,7,6,5,3,2,
1,4,29,30,28,27,11,5,6,7,3,2,1,8,9,10,12,
1,4,31,27,32,33,34,28,29,30,
1,4,35,1,2,
3,4,35,1,23,
1,4,35,3,6,
1,4,35,23,18,
2,4,35,26,1,20,23,
1,4,35,28,39,
1,4,35,34,23,
1,4,35,36,37,
1,4,39,42,1,
1,5,1,4,3,2,
1,5,1,11,15,20,27,31,35,
1,5,1,31,11,
1,5,1,35,8,
1,5,2,
1,5,2,23,24,
1,5,3,9,36,17,16,20,7,
1,5,3,20,4,
1,5,4,8,30,
1,5,6,1,8,
1,5,6,7,
5,5,6,7,8,
3,5,6,7,8,9,
523,5,6,7,8,9,10,
15,5,6,7,8,9,10,1,2,3,4,
3,5,6,7,8,9,10,1,2,3,4,11,12,13,14,
2,5,6,7,8,9,10,1,2,3,4,11,12,13,14,15,16,17,18,19,
1,5,6,7,8,9,10,1,2,3,4,11,12,13,14,15,16,17,18,19,20,21,22,23,24,25,26,27,28,29,30,31,32,33,34,35,36,37,38,39,40,41,
1,5,6,7,8,9,10,1,2,3,4,11,12,13,14,15,16,17,18,19,20,21,22,23,24,25,26,35,36,37,38,39,40,41,27,28,29,30,31,32,33,34,
1,5,6,7,8,9,10,1,2,3,4,11,12,13,14,15,16,17,18,19,31,32,33,34,27,28,29,30,35,36,37,38,39,40,41,20,21,22,23,24,25,26,
1,5,6,7,8,9,10,1,2,3,4,11,12,13,14,20,21,22,23,24,25,26,15,16,17,18,19,
3,5,6,7,8,9,10,1,2,3,4,11,12,13,14,20,21,22,23,24,25,26,15,16,17,18,19,27,28,29,30,31,32,33,34,35,36,37,38,39,40,41,
1,5,6,7,8,9,10,1,2,3,4,11,12,13,14,20,21,22,23,24,25,26,15,16,17,18,19,35,36,37,38,39,40,41,31,32,33,34,27,28,29,30,
2,5,6,7,8,9,10,1,2,3,4,11,12,13,14,35,36,37,38,39,40,41,
1,5,6,7,8,9,10,1,2,3,4,11,12,13,14,35,36,37,38,39,40,41,20,21,22,23,24,25,26,15,16,17,18,19,27,28,29,30,31,32,33,34,
2,5,6,7,8,9,10,1,2,3,4,15,16,17,18,19,
1,5,6,7,8,9,10,1,2,3,4,15,16,17,18,19,11,12,13,14,
1,5,6,7,8,9,10,1,2,3,4,15,16,17,18,19,20,21,22,23,24,25,26,11,12,13,14,35,36,37,38,39,40,41,27,28,29,30,31,32,33,34,
1,5,6,7,8,9,10,1,2,3,4,20,21,22,23,24,25,26,
1,5,6,7,8,9,10,1,2,3,4,20,21,22,23,24,25,26,11,12,13,14,
1,5,6,7,8,9,10,1,2,3,4,20,21,22,23,24,25,26,11,12,13,14,15,16,17,18,19,35,36,37,38,39,40,41,27,28,29,30,31,32,33,34,
1,5,6,7,8,9,10,1,2,3,4,20,21,22,23,24,25,26,35,36,37,38,39,40,41,
1,5,6,7,8,9,10,1,2,3,4,20,21,22,23,24,25,26,35,36,37,38,39,40,41,11,12,13,14,15,16,17,18,19,27,28,29,30,31,32,33,34,
1,5,6,7,8,9,10,1,2,3,4,20,21,22,23,24,25,26,35,36,37,38,39,40,41,11,12,13,14,15,16,17,18,19,31,32,33,34,27,28,29,30,
1,5,6,7,8,9,10,1,2,3,4,27,28,29,30,35,36,37,38,39,40,41,
1,5,6,7,8,9,10,1,2,3,4,27,28,29,30,35,36,37,38,39,40,41,15,16,17,18,19,31,32,33,34,11,12,13,14,20,21,22,23,24,25,26,
1,5,6,7,8,9,10,1,2,3,4,31,32,33,34,
1,5,6,7,8,9,10,1,2,3,4,31,32,33,34,11,12,13,14,
6,5,6,7,8,9,10,1,2,3,4,35,36,37,38,39,40,41,
159,5,6,7,8,9,10,1,2,3,4,35,36,37,38,39,40,41,11,12,13,14,
2,5,6,7,8,9,10,1,2,3,4,35,36,37,38,39,40,41,11,12,13,14,15,16,17,18,19,20,21,22,23,24,25,26,27,28,29,30,31,32,33,34,
1,5,6,7,8,9,10,1,2,3,4,35,36,37,38,39,40,41,11,12,13,14,20,21,22,23,24,25,26,15,16,17,18,19,31,32,33,34,27,28,29,30,
1,5,6,7,8,9,10,1,2,3,4,35,36,37,38,39,40,41,11,12,13,14,31,32,33,34,27,28,29,30,15,16,17,18,19,20,21,22,23,24,25,26,
1,5,6,7,8,9,10,1,2,3,4,35,36,37,38,39,40,41,15,16,17,18,19,
1,5,6,7,8,9,10,1,2,3,4,35,36,37,38,39,40,41,15,16,17,18,19,20,21,22,23,24,25,26,11,12,13,14,27,28,29,30,31,32,33,34,
2,5,6,7,8,9,10,1,2,3,4,35,36,37,38,39,40,41,20,21,22,23,24,25,26,11,12,13,14,15,16,17,18,19,27,28,29,30,31,32,33,34,
1,5,6,7,8,9,10,1,2,35,
1,5,6,7,8,9,10,2,1,35,
1,5,6,7,8,9,10,3,29,
1,5,6,7,8,9,10,11,2,
1,5,6,7,8,9,10,11,12,13,14,1,2,3,4,15,16,17,18,19,20,21,22,23,24,25,26,27,28,29,30,31,32,33,34,35,36,37,38,39,40,41,
1,5,6,7,8,9,10,11,12,13,14,1,2,3,4,15,16,17,18,19,20,21,22,23,24,25,26,31,32,33,34,35,36,37,38,39,40,41,27,28,29,30,
1,5,6,7,8,9,10,11,12,13,14,1,2,3,4,31,32,33,34,27,28,29,30,35,36,37,38,39,40,41,15,16,17,18,19,20,21,22,23,24,25,26,
2,5,6,7,8,9,10,11,12,13,14,15,16,17,18,19,
1,5,6,7,8,9,10,11,12,13,14,15,16,17,18,19,1,2,3,4,
1,5,6,7,8,9,10,11,12,13,14,15,16,17,18,19,1,2,3,4,20,21,22,23,24,25,26,
1,5,6,7,8,9,10,11,12,13,14,15,16,17,18,19,20,21,22,23,24,25,26,1,2,3,4,27,28,29,30,31,32,33,34,35,36,37,38,39,40,41,
1,5,6,7,8,9,10,11,12,13,14,15,16,17,18,19,20,21,22,23,24,25,26,27,28,29,30,1,2,3,4,31,32,33,34,35,36,37,38,39,40,41,
1,5,6,7,8,9,10,11,12,13,14,15,16,17,18,19,20,21,22,23,24,25,26,27,28,29,30,31,32,33,34,35,36,37,38,39,40,41,
1,5,6,7,8,9,10,11,12,13,14,15,16,17,18,19,27,28,29,30,31,32,33,34,35,36,37,38,39,40,41,1,2,3,4,20,21,22,23,24,25,26,
1,5,6,7,8,9,10,11,12,13,14,15,16,17,18,19,31,32,33,34,27,28,29,30,
1,5,6,7,8,9,10,11,12,13,14,20,21,22,23,24,25,26,
1,5,6,7,8,9,10,11,12,13,14,20,21,22,23,24,25,26,1,2,3,4,31,32,33,34,35,36,37,38,39,40,41,27,28,29,30,15,16,17,18,19,
1,5,6,7,8,9,10,11,12,13,14,20,21,22,23,24,25,26,35,36,37,38,39,40,41,27,28,29,30,1,2,3,4,15,16,17,18,19,31,32,33,34,
1,5,6,7,8,9,10,11,12,13,14,31,32,33,34,27,28,29,30,35,36,37,38,39,40,41,20,21,22,23,24,25,26,15,16,17,18,19,1,2,3,4,
8,5,6,7,8,9,10,15,16,17,18,19,
1,5,6,7,8,9,10,15,16,17,18,19,1,2,3,4,20,21,22,23,24,25,26,35,36,37,38,39,40,41,11,12,13,14,27,28,29,30,31,32,33,34,
1,5,6,7,8,9,10,15,16,17,18,19,1,2,3,4,27,28,29,30,
1,5,6,7,8,9,10,15,16,17,18,19,11,12,13,14,1,2,3,4,
1,5,6,7,8,9,10,15,16,17,18,19,11,12,13,14,1,2,3,4,20,21,22,23,24,25,26,27,28,29,30,31,32,33,34,35,36,37,38,39,40,41,
1,5,6,7,8,9,10,15,16,17,18,19,11,12,13,14,1,2,3,4,20,21,22,23,24,25,26,35,36,37,38,39,40,41,27,28,29,30,31,32,33,34,
1,5,6,7,8,9,10,15,16,17,18,19,11,12,13,14,1,2,3,4,20,21,22,23,24,25,26,35,36,37,38,39,40,41,31,32,33,34,27,28,29,30,
1,5,6,7,8,9,10,15,16,17,18,19,11,12,13,14,1,2,3,4,27,28,29,30,20,21,22,23,24,25,26,35,36,37,38,39,40,41,31,32,33,34,
2,5,6,7,8,9,10,15,16,17,18,19,11,12,13,14,20,21,22,23,24,25,26,
3,5,6,7,8,9,10,15,16,17,18,19,20,21,22,23,24,25,26,
1,5,6,7,8,9,10,15,16,17,18,19,20,21,22,23,24,25,26,1,2,3,4,
1,5,6,7,8,9,10,15,16,17,18,19,20,21,22,23,24,25,26,27,28,29,30,11,12,13,14,1,2,3,4,31,32,33,34,35,36,37,38,39,40,41,
2,5,6,7,8,9,10,15,16,17,18,19,27,28,29,30,
1,5,6,7,8,9,10,15,16,17,18,19,27,28,29,30,1,2,3,4,
1,5,6,7,8,9,10,15,16,17,18,19,27,28,29,30,11,12,13,14,
2,5,6,7,8,9,10,15,16,17,18,19,27,28,29,30,31,32,33,34,
1,5,6,7,8,9,10,15,16,17,18,19,27,28,29,30,35,36,37,38,39,40,41,1,2,3,4,11,12,13,14,20,21,22,23,24,25,26,31,32,33,34,
1,5,6,7,8,9,10,15,16,17,18,19,35,36,37,38,39,40,41,
1,5,6,7,8,9,10,15,16,17,18,19,35,36,37,38,39,40,41,1,2,3,4,
1,5,6,7,8,9,10,15,16,17,18,19,35,36,37,38,39,40,41,11,12,13,14,1,2,3,4,27,28,29,30,31,32,33,34,20,21,22,23,24,25,26,
1,5,6,7,8,9,10,15,16,17,18,19,35,36,37,38,39,40,41,31,32,33,34,11,12,13,14,1,2,3,4,20,21,22,23,24,25,26,27,28,29,30,
2,5,6,7,8,9,10,20,
10,5,6,7,8,9,10,20,21,22,23,24,25,26,
1,5,6,7,8,9,10,20,21,22,23,24,25,26,1,2,3,4,
1,5,6,7,8,9,10,20,21,22,23,24,25,26,11,12,13,14,31,32,33,34,27,28,29,30,35,36,37,38,39,40,41,15,16,17,18,19,1,2,3,4,
1,5,6,7,8,9,10,20,21,22,23,24,25,26,11,12,13,14,35,36,37,38,39,40,41,1,2,3,4,15,16,17,18,19,
2,5,6,7,8,9,10,20,21,22,23,24,25,26,15,16,17,18,19,
2,5,6,7,8,9,10,20,21,22,23,24,25,26,15,16,17,18,19,11,12,13,14,1,2,3,4,35,36,37,38,39,40,41,27,28,29,30,31,32,33,34,
1,5,6,7,8,9,10,20,21,22,23,24,25,26,15,16,17,18,19,11,12,13,14,27,28,29,30,31,32,33,34,35,36,37,38,39,40,41,1,2,3,4,
1,5,6,7,8,9,10,20,21,22,23,24,25,26,31,32,33,34,11,12,13,14,
1,5,6,7,8,9,10,20,21,22,23,24,25,26,35,36,37,38,39,40,41,
6,5,6,7,8,9,10,27,28,29,30,
2,5,6,7,8,9,10,27,28,29,30,31,32,33,34,
1,5,6,7,8,9,10,27,28,29,30,35,36,37,38,39,40,41,
6,5,6,7,8,9,10,31,32,33,34,
1,5,6,7,8,9,10,31,32,33,34,1,2,3,4,11,12,13,14,15,16,17,18,19,27,28,29,30,20,21,22,23,24,25,26,35,36,37,38,39,40,41,
1,5,6,7,8,9,10,31,32,33,34,11,12,13,14,1,2,3,4,35,36,37,38,39,40,41,27,28,29,30,15,16,17,18,19,20,21,22,23,24,25,26,
2,5,6,7,8,9,10,31,32,33,34,27,28,29,30,
1,5,6,7,8,9,10,31,32,33,34,27,28,29,30,11,12,13,14,35,36,37,38,39,40,41,1,2,3,4,15,16,17,18,19,20,21,22,23,24,25,26,
1,5,6,7,8,9,10,31,32,33,34,27,28,29,30,15,16,17,18,19,11,12,13,14,20,21,22,23,24,25,26,35,36,37,38,39,40,41,1,2,3,4,
14,5,6,7,8,9,10,35,36,37,38,39,40,41,
7,5,6,7,8,9,10,35,36,37,38,39,40,41,1,2,3,4,11,12,13,14,
1,5,6,7,8,9,10,35,36,37,38,39,40,41,1,2,3,4,11,12,13,14,15,16,17,18,19,20,21,22,23,24,25,26,27,28,29,30,31,32,33,34,
2,5,6,7,8,9,10,35,36,37,38,39,40,41,1,2,3,4,20,21,22,23,24,25,26,11,12,13,14,15,16,17,18,19,27,28,29,30,31,32,33,34,
1,5,6,7,8,9,10,35,36,37,38,39,40,41,11,12,13,14,
1,5,6,7,8,9,10,35,36,37,38,39,40,41,11,12,13,14,1,2,3,4,
1,5,6,7,8,9,10,35,36,37,38,39,40,41,15,16,17,18,19,
1,5,6,7,8,9,10,35,36,37,38,39,40,41,15,16,17,18,19,11,12,13,14,1,2,3,4,20,21,22,23,24,25,26,31,32,33,34,27,28,29,30,
1,5,6,7,8,9,10,35,36,37,38,39,40,41,20,21,22,23,24,25,26,1,2,3,4,
1,5,6,7,8,9,10,35,36,37,38,39,40,41,27,28,29,30,
1,5,6,7,8,9,10,35,36,37,38,39,40,41,27,28,29,30,31,32,33,34,20,21,22,23,24,25,26,15,16,17,18,19,11,12,13,14,1,2,3,4,
1,5,6,7,8,9,10,35,36,37,38,39,40,41,31,32,33,34,1,2,3,4,11,12,13,14,20,21,22,23,24,25,26,15,16,17,18,19,27,28,29,30,
1,5,6,7,9,10,1,3,22,
1,5,6,7,25,1,15,
1,5,6,8,7,
2,5,6,8,9,
1,5,6,20,11,35,
1,5,7,6,8,
1,5,7,6,8,9,10,
1,5,7,8,10,9,6,
1,5,8,1,3,
1,5,8,1,20,3,25,
1,5,8,7,3,9,
1,5,8,7,9,
1,5,8,7,9,10,6,
1,5,8,10,6,7,9,
4,5,8,10,7,
1,5,9,6,7,8,
1,5,9,8,6,
1,5,9,8,7,6,
1,5,9,10,8,
1,5,9,31,15,35,
1,5,10,9,7,8,6,
1,5,11,15,19,20,36,
1,5,11,15,28,
1,5,11,18,4,
1,5,11,25,13,
1,5,14,2,27,1,28,25,11,
1,5,14,2,30,
1,5,14,16,33,
2,5,15,11,35,
1,5,15,42,11,35,
1,5,17,19,35,42,
1,5,17,28,32,36,
1,5,17,30,27,3,35,1,
1,5,20,15,35,24,
1,5,20,42,10,
2,5,21,35,1,
1,5,28,8,30,
1,5,33,35,14,
1,5,35,1,11,
1,5,35,20,1,
1,5,35,39,8,
1,5,36,31,1,
1,6,5,8,7,
1,6,27,28,42,
1,7,12,2,17,
1,7,16,29,37,
1,7,17,23,38,
1,7,29,39,27,
1,7,42,37,33,9,13,18,29,39,
1,8,5,6,7,9,10,27,28,29,30,
2,8,5,9,12,2,42,
1,8,5,10,7,
1,8,10,7,5,
1,8,14,17,21,
1,8,23,14,2,
1,8,38,42,1,
2,9,5,6,7,
1,9,5,6,7,8,10,
1,9,5,6,8,7,10,
1,9,8,2,24,
1,9,35,39,37,
1,11,1,2,3,4,12,13,14,16,19,
1,11,1,2,4,
1,11,1,2,27,
1,11,1,14,29,
1,11,1,16,31,35,
1,11,1,16,35,20,13,14,12,26,
1,11,1,26,20,29,35,33,18,8,
1,11,1,35,31,15,27,
1,11,3,29,35,24,
1,11,3,42,16,35,
1,11,4,14,20,26,15,
1,11,5,1,35,20,
1,11,5,12,13,14,
1,11,5,27,29,31,39,35,36,6,
708,11,12,13,14,
13,11,12,13,14,1,2,3,4,
1,11,12,13,14,1,2,3,4,5,6,7,8,9,10,
1,11,12,13,14,1,2,3,4,5,6,7,8,9,10,15,16,17,18,19,20,21,22,23,24,25,26,27,28,29,30,31,32,33,34,
1,11,12,13,14,1,2,3,4,5,6,7,8,9,10,15,16,17,18,19,20,21,22,23,24,25,26,27,28,29,30,31,32,33,34,35,36,37,38,39,40,41,
1,11,12,13,14,1,2,3,4,5,6,7,8,9,10,15,16,17,18,19,20,21,22,23,24,25,26,35,36,37,38,39,40,41,31,32,33,34,27,28,29,30,
1,11,12,13,14,1,2,3,4,5,6,7,8,9,10,20,21,22,23,24,25,26,15,16,17,18,19,27,28,29,30,35,36,37,38,39,40,41,31,32,33,34,
2,11,12,13,14,1,2,3,4,5,6,7,8,9,10,35,36,37,38,39,40,41,
2,11,12,13,14,1,2,3,4,15,16,17,18,19,
1,11,12,13,14,1,2,3,4,15,16,17,18,19,5,6,7,8,9,10,20,21,22,23,24,25,26,35,36,37,38,39,40,41,
1,11,12,13,14,1,2,3,4,15,16,17,18,19,31,32,33,34,35,36,37,38,39,40,41,20,21,22,23,24,25,26,27,28,29,30,5,6,7,8,9,10,
1,11,12,13,14,1,2,3,4,20,21,22,23,24,25,26,
1,11,12,13,14,1,2,3,4,31,32,33,34,15,16,17,18,19,
1,11,12,13,14,1,2,3,4,31,32,33,34,15,16,17,18,19,5,6,7,8,9,10,27,28,29,30,20,21,22,23,24,25,26,
2,11,12,13,14,1,2,3,4,35,36,37,38,39,40,41,
1,11,12,13,14,1,2,3,4,35,36,37,38,39,40,41,5,6,7,8,9,10,
1,11,12,13,14,1,2,3,4,35,36,37,38,39,40,41,5,6,7,8,9,10,15,16,17,18,19,20,21,22,23,24,25,26,31,32,33,34,27,28,29,30,
1,11,12,13,14,1,2,3,4,35,36,37,38,39,40,41,15,16,17,18,19,
4,11,12,13,14,5,6,7,8,9,10,
1,11,12,13,14,5,6,7,8,9,10,1,2,3,4,15,16,17,18,19,20,21,22,23,24,25,26,
2,11,12,13,14,5,6,7,8,9,10,1,2,3,4,15,16,17,18,19,20,21,22,23,24,25,26,27,28,29,30,31,32,33,34,35,36,37,38,39,40,41,
1,11,12,13,14,5,6,7,8,9,10,1,2,3,4,15,16,17,18,19,20,21,22,23,24,25,26,35,36,37,38,39,40,41,31,32,33,34,27,28,29,30,
1,11,12,13,14,5,6,7,8,9,10,1,2,3,4,20,21,22,23,24,25,26,
1,11,12,13,14,5,6,7,8,9,10,15,16,17,18,19,20,21,22,23,24,25,26,
1,11,12,13,14,5,6,7,8,9,10,20,21,22,23,24,25,26,35,36,37,38,39,40,41,1,2,3,4,27,28,29,30,31,32,33,34,15,16,17,18,19,
8,11,12,13,14,15,16,17,18,19,
1,11,12,13,14,15,16,17,18,19,1,2,3,4,5,6,7,8,9,10,
1,11,12,13,14,15,16,17,18,19,1,2,3,4,5,6,7,8,9,10,20,21,22,23,24,25,26,27,28,29,30,35,36,37,38,39,40,41,31,32,33,34,
1,11,12,13,14,15,16,17,18,19,1,2,3,4,20,21,22,23,24,25,26,
1,11,12,13,14,15,16,17,18,19,1,2,3,4,31,32,33,34,27,28,29,30,35,36,37,38,39,40,41,
1,11,12,13,14,15,16,17,18,19,5,6,7,8,9,10,20,21,22,23,24,25,26,
1,11,12,13,14,15,16,17,18,19,5,6,7,8,9,10,20,21,22,23,24,25,26,35,36,37,38,39,40,41,
1,11,12,13,14,15,16,17,18,19,20,21,22,23,24,25,26,1,2,3,4,5,6,7,8,9,10,35,36,37,38,39,40,41,27,28,29,30,31,32,33,34,
