28,4,
1,1,
19,1,2,
8,1,2,3,
1230,1,2,3,4,
27,1,2,3,4,5,6,7,8,
5,1,2,3,4,5,6,7,8,9,10,11,12,
1,1,2,3,4,5,6,7,8,9,10,11,12,13,14,15,16,
2,1,2,3,4,5,6,7,8,9,10,11,12,13,14,15,16,17,18,19,20,
3,1,2,3,4,5,6,7,8,9,10,11,12,13,14,15,16,17,18,19,20,21,22,23,24,
27,1,2,3,4,5,6,7,8,9,10,11,12,13,14,15,16,17,18,19,20,21,22,23,24,25,26,27,28,
1,1,2,3,4,5,6,7,8,9,10,11,12,13,14,15,16,17,18,19,20,25,26,27,28,
1,1,2,3,4,5,6,7,8,9,10,11,12,13,14,15,16,21,22,23,24,17,18,19,20,
7,1,2,3,4,5,6,7,8,13,14,15,16,
1,1,2,3,4,5,6,7,8,13,14,15,16,9,10,11,12,17,18,19,20,21,22,23,24,
1,1,2,3,4,5,6,7,8,13,14,15,16,9,10,11,12,17,18,19,20,21,22,23,24,25,26,27,28,
1,1,2,3,4,5,6,7,8,13,14,15,16,9,10,11,12,17,18,19,20,25,26,27,28,21,22,23,24,
2,1,2,3,4,5,6,7,8,13,14,15,16,9,10,11,12,21,22,23,24,17,18,19,20,25,26,27,28,
1,1,2,3,4,5,6,7,8,13,14,15,16,9,10,11,12,21,22,23,24,25,26,27,28,17,18,19,20,
2,1,2,3,4,5,6,7,8,13,14,15,16,9,10,11,12,25,26,27,28,21,22,23,24,17,18,19,20,
3,1,2,3,4,5,6,7,8,13,14,15,16,17,18,19,20,21,22,23,24,9,10,11,12,25,26,27,28,
2,1,2,3,4,5,6,7,8,13,14,15,16,21,22,23,24,
1,1,2,3,4,5,6,7,8,13,14,15,16,21,22,23,24,9,10,11,12,17,18,19,20,25,26,27,28,
2,1,2,3,4,5,6,7,8,13,14,15,16,21,22,23,24,9,10,11,12,25,26,27,28,17,18,19,20,
1,1,2,3,4,5,6,7,8,13,14,15,16,21,22,23,24,17,18,19,20,9,10,11,12,25,26,27,28,
1,1,2,3,4,5,6,7,8,13,14,15,16,21,22,23,24,25,26,27,28,9,10,11,12,17,18,19,20,
3,1,2,3,4,5,6,7,8,13,14,15,16,25,26,27,28,9,10,11,12,21,22,23,24,17,18,19,20,
2,1,2,3,4,5,6,7,8,13,14,15,16,25,26,27,28,17,18,19,20,21,22,23,24,9,10,11,12,
1,1,2,3,4,5,6,7,8,13,14,15,16,25,26,27,28,21,22,23,24,9,10,11,12,17,18,19,20,
2,1,2,3,4,5,6,7,8,17,18,19,20,
1,1,2,3,4,5,6,7,8,17,18,19,20,9,10,11,12,
1,1,2,3,4,5,6,7,8,17,18,19,20,9,10,11,12,13,14,15,16,21,22,23,24,25,26,27,28,
1,1,2,3,4,5,6,7,8,17,18,19,20,13,14,15,16,9,10,11,12,21,22,23,24,25,26,27,28,
1,1,2,3,4,5,6,7,8,17,18,19,20,21,22,23,24,9,10,11,12,13,14,15,16,25,26,27,28,
3,1,2,3,4,5,6,7,8,21,22,23,24,
1,1,2,3,4,5,6,7,8,25,26,27,28,
1,1,2,3,4,5,6,7,8,25,26,27,28,9,10,11,12,
1,1,2,3,4,5,6,7,8,25,26,27,28,9,10,11,12,13,14,15,16,17,18,19,20,21,22,23,24,
1,1,2,3,4,5,6,7,8,25,26,27,28,21,22,23,24,9,10,11,12,
2,1,2,3,4,5,6,7,8,25,26,27,28,21,22,23,24,17,18,19,20,13,14,15,16,9,10,11,12,
1,1,2,3,4,9,5,10,11,8,12,6,7,
19,1,2,3,4,9,10,11,12,
4,1,2,3,4,9,10,11,12,5,6,7,8,
1,1,2,3,4,9,10,11,12,5,6,7,8,13,14,15,16,
1,1,2,3,4,9,10,11,12,5,6,7,8,13,14,15,16,17,18,19,20,21,22,23,24,
1,1,2,3,4,9,10,11,12,5,6,7,8,13,14,15,16,21,22,23,24,
1,1,2,3,4,9,10,11,12,5,6,7,8,13,14,15,16,21,22,23,24,17,18,19,20,25,26,27,28,
2,1,2,3,4,9,10,11,12,5,6,7,8,13,14,15,16,21,22,23,24,25,26,27,28,17,18,19,20,
1,1,2,3,4,9,10,11,12,5,6,7,8,17,18,19,20,13,14,15,16,21,22,23,24,
2,1,2,3,4,9,10,11,12,5,6,7,8,17,18,19,20,13,14,15,16,21,22,23,24,25,26,27,28,
1,1,2,3,4,9,10,11,12,5,6,7,8,21,22,23,24,
7,1,2,3,4,9,10,11,12,13,14,15,16,
1,1,2,3,4,9,10,11,12,13,14,15,16,5,6,7,8,
1,1,2,3,4,9,10,11,12,13,14,15,16,5,6,7,8,25,26,27,28,21,22,23,24,17,18,19,20,
1,1,2,3,4,9,10,11,12,13,14,15,16,17,18,19,20,5,6,7,8,21,22,23,24,25,26,27,28,
1,1,2,3,4,9,10,11,12,13,14,15,16,17,18,19,20,5,6,7,8,25,26,27,28,21,22,23,24,
1,1,2,3,4,9,10,11,12,13,14,15,16,21,22,23,24,25,26,27,28,17,18,19,20,5,6,7,8,
2,1,2,3,4,9,10,11,12,13,14,15,16,25,26,27,28,5,6,7,8,17,18,19,20,
1,1,2,3,4,9,10,11,12,13,14,15,16,25,26,27,28,5,6,7,8,17,18,19,20,21,22,23,24,
3,1,2,3,4,9,10,11,12,17,18,19,20,
1,1,2,3,4,9,10,11,12,17,18,19,20,13,14,15,16,5,6,7,8,21,22,23,24,
1,1,2,3,4,9,10,11,12,17,18,19,20,13,14,15,16,5,6,7,8,21,22,23,24,25,26,27,28,
1,1,2,3,4,9,10,11,12,17,18,19,20,13,14,15,16,21,22,23,24,5,6,7,8,25,26,27,28,
1,1,2,3,4,9,10,11,12,17,18,19,20,21,22,23,24,5,6,7,8,13,14,15,16,25,26,27,28,
1,1,2,3,4,9,10,11,12,17,18,19,20,21,22,23,24,5,6,7,8,25,26,27,28,13,14,15,16,
2,1,2,3,4,9,10,11,12,21,22,23,24,
1,1,2,3,4,9,10,11,12,21,22,23,24,13,14,15,16,5,6,7,8,
9,1,2,3,4,9,10,11,12,21,22,23,24,13,14,15,16,5,6,7,8,17,18,19,20,
1,1,2,3,4,9,10,11,12,21,22,23,24,13,14,15,16,5,6,7,8,17,18,19,20,25,26,27,28,
1,1,2,3,4,9,10,11,12,21,22,23,24,17,18,19,20,5,6,7,8,13,14,15,16,25,26,27,28,
2,1,2,3,4,9,10,11,12,21,22,23,24,25,26,27,28,
1,1,2,3,4,9,10,11,12,21,22,23,24,25,26,27,28,5,6,7,8,13,14,15,16,17,18,19,20,
1,1,2,3,4,9,10,11,12,21,22,23,24,25,26,27,28,17,18,19,20,5,6,7,8,13,14,15,16,
7,1,2,3,4,9,10,11,12,25,26,27,28,
1,1,2,3,4,9,10,11,12,25,26,27,28,5,6,7,8,
1,1,2,3,4,9,10,11,12,25,26,27,28,5,6,7,8,13,14,15,16,
2,1,2,3,4,9,10,11,12,25,26,27,28,13,14,15,16,
4,1,2,3,4,9,10,11,12,25,26,27,28,13,14,15,16,5,6,7,8,
262,1,2,3,4,9,10,11,12,25,26,27,28,13,14,15,16,5,6,7,8,17,18,19,20,
13,1,2,3,4,9,10,11,12,25,26,27,28,13,14,15,16,5,6,7,8,17,18,19,20,21,22,23,24,
20,1,2,3,4,13,14,15,16,
7,1,2,3,4,13,14,15,16,5,6,7,8,
1,1,2,3,4,13,14,15,16,5,6,7,8,17,18,19,20,21,22,23,24,9,10,11,12,25,26,27,28,
1,1,2,3,4,13,14,15,16,5,6,7,8,17,18,19,20,25,26,27,28,21,22,23,24,9,10,11,12,
2,1,2,3,4,13,14,15,16,5,6,7,8,21,22,23,24,9,10,11,12,25,26,27,28,17,18,19,20,
2,1,2,3,4,13,14,15,16,5,6,7,8,21,22,23,24,17,18,19,20,9,10,11,12,25,26,27,28,
2,1,2,3,4,13,14,15,16,5,6,7,8,25,26,27,28,9,10,11,12,17,18,19,20,21,22,23,24,
3,1,2,3,4,13,14,15,16,9,10,11,12,
1,1,2,3,4,13,14,15,16,9,10,11,12,5,6,7,8,17,18,19,20,21,22,23,24,25,26,27,28,
1,1,2,3,4,13,14,15,16,9,10,11,12,25,26,27,28,5,6,7,8,17,18,19,20,21,22,23,24,
1,1,2,3,4,13,14,15,16,9,10,11,12,25,26,27,28,17,18,19,20,5,6,7,8,21,22,23,24,
4,1,2,3,4,13,14,15,16,17,18,19,20,
1,1,2,3,4,13,14,15,16,17,18,19,20,5,6,7,8,9,10,11,12,21,22,23,24,25,26,27,28,
1,1,2,3,4,13,14,15,16,17,18,19,20,9,10,11,12,5,6,7,8,25,26,27,28,21,22,23,24,
1,1,2,3,4,13,14,15,16,17,18,19,20,25,26,27,28,5,6,7,8,9,10,11,12,21,22,23,24,
1,1,2,3,4,13,14,15,16,17,18,19,20,25,26,27,28,9,10,11,12,5,6,7,8,
3,1,2,3,4,13,14,15,16,21,22,23,24,
1,1,2,3,4,13,14,15,16,21,22,23,24,5,6,7,8,9,10,11,12,25,26,27,28,17,18,19,20,
1,1,2,3,4,13,14,15,16,21,22,23,24,5,6,7,8,25,26,27,28,17,18,19,20,9,10,11,12,
1,1,2,3,4,13,14,15,16,21,22,23,24,17,18,19,20,5,6,7,8,25,26,27,28,9,10,11,12,
1,1,2,3,4,13,14,15,16,21,22,23,24,25,26,27,28,9,10,11,12,17,18,19,20,5,6,7,8,
2,1,2,3,4,13,14,15,16,25,26,27,28,
1,1,2,3,4,13,14,15,16,25,26,27,28,5,6,7,8,17,18,19,20,21,22,23,24,9,10,11,12,
1,1,2,3,4,13,14,15,16,25,26,27,28,9,10,11,12,5,6,7,8,21,22,23,24,17,18,19,20,
1,1,2,3,4,13,14,15,16,25,26,27,28,9,10,11,12,17,18,19,20,21,22,23,24,
1,1,2,3,4,13,14,15,16,25,26,27,28,21,22,23,24,
7,1,2,3,4,17,18,19,20,
1,1,2,3,4,17,18,19,20,5,6,7,8,21,22,23,24,13,14,15,16,25,26,27,28,
1,1,2,3,4,17,18,19,20,5,6,7,8,25,26,27,28,9,10,11,12,21,22,23,24,13,14,15,16,
2,1,2,3,4,17,18,19,20,9,10,11,12,
1,1,2,3,4,17,18,19,20,9,10,11,12,13,14,15,16,5,6,7,8,
2,1,2,3,4,17,18,19,20,9,10,11,12,21,22,23,24,5,6,7,8,13,14,15,16,25,26,27,28,
1,1,2,3,4,17,18,19,20,13,14,15,16,9,10,11,12,5,6,7,8,21,22,23,24,
1,1,2,3,4,17,18,19,20,13,14,15,16,9,10,11,12,25,26,27,28,5,6,7,8,21,22,23,24,
1,1,2,3,4,17,18,19,20,13,14,15,16,25,26,27,28,
1,1,2,3,4,17,18,19,20,21,22,23,24,
1,1,2,3,4,17,18,19,20,21,22,23,24,13,14,15,16,5,6,7,8,
1,1,2,3,4,17,18,19,20,21,22,23,24,13,14,15,16,5,6,7,8,9,10,11,12,25,26,27,28,
2,1,2,3,4,17,18,19,20,21,22,23,24,13,14,15,16,9,10,11,12,5,6,7,8,
1,1,2,3,4,17,18,19,20,21,22,23,24,25,26,27,28,5,6,7,8,9,10,11,12,13,14,15,16,
1,1,2,3,4,17,18,19,20,21,22,23,24,25,26,27,28,9,10,11,12,5,6,7,8,13,14,15,16,
1,1,2,3,4,17,18,19,20,25,26,27,28,
1,1,2,3,4,17,18,19,20,25,26,27,28,13,14,15,16,5,6,7,8,9,10,11,12,
20,1,2,3,4,21,22,23,24,
1,1,2,3,4,21,22,23,24,5,6,7,8,
1,1,2,3,4,21,22,23,24,5,6,7,8,9,10,11,12,13,14,15,16,17,18,19,20,25,26,27,28,
1,1,2,3,4,21,22,23,24,5,6,7,8,13,14,15,16,
1,1,2,3,4,21,22,23,24,5,6,7,8,13,14,15,16,17,18,19,20,9,10,11,12,25,26,27,28,
1,1,2,3,4,21,22,23,24,5,6,7,8,13,14,15,16,17,18,19,20,25,26,27,28,9,10,11,12,
4,1,2,3,4,21,22,23,24,9,10,11,12,
1,1,2,3,4,21,22,23,24,9,10,11,12,5,6,7,8,13,14,15,16,17,18,19,20,25,26,27,28,
1,1,2,3,4,21,22,23,24,9,10,11,12,13,14,15,16,5,6,7,8,17,18,19,20,25,26,27,28,
1,1,2,3,4,21,22,23,24,9,10,11,12,13,14,15,16,5,6,7,8,25,26,27,28,17,18,19,20,
1,1,2,3,4,21,22,23,24,9,10,11,12,25,26,27,28,5,6,7,8,13,14,15,16,17,18,19,20,
1,1,2,3,4,21,22,23,24,9,10,11,12,25,26,27,28,13,14,15,16,5,6,7,8,
2,1,2,3,4,21,22,23,24,13,14,15,16,5,6,7,8,
1,1,2,3,4,21,22,23,24,13,14,15,16,9,10,11,12,17,18,19,20,5,6,7,8,
10,1,2,3,4,21,22,23,24,17,18,19,20,
1,1,2,3,4,21,22,23,24,17,18,19,20,13,14,15,16,5,6,7,8,9,10,11,12,
1,1,2,3,4,21,22,23,24,17,18,19,20,13,14,15,16,5,6,7,8,9,10,11,12,25,26,27,28,
1,1,2,3,4,21,22,23,24,17,18,19,20,13,14,15,16,25,26,27,28,5,6,7,8,9,10,11,12,
1,1,2,3,4,21,22,23,24,17,18,19,20,25,26,27,28,13,14,15,16,5,6,7,8,9,10,11,12,
1,1,2,3,4,21,22,23,24,25,26,27,28,
1,1,2,3,4,21,22,23,24,25,26,27,28,5,6,7,8,9,10,11,12,13,14,15,16,17,18,19,20,
1,1,2,3,4,21,22,23,24,25,26,27,28,9,10,11,12,17,18,19,20,5,6,7,8,13,14,15,16,
1,1,2,3,4,21,22,23,24,25,26,27,28,13,14,15,16,9,10,11,12,17,18,19,20,
1,1,2,3,4,21,22,23,24,25,26,27,28,17,18,19,20,13,14,15,16,9,10,11,12,5,6,7,8,
11,1,2,3,4,25,26,27,28,
1,1,2,3,4,25,26,27,28,5,6,7,8,
1,1,2,3,4,25,26,27,28,5,6,7,8,13,14,15,16,9,10,11,12,21,22,23,24,17,18,19,20,
1,1,2,3,4,25,26,27,28,9,10,11,12,
1,1,2,3,4,25,26,27,28,9,10,11,12,5,6,7,8,13,14,15,16,21,22,23,24,17,18,19,20,
1,1,2,3,4,25,26,27,28,9,10,11,12,5,6,7,8,13,21,17,14,22,18,15,23,19,16,24,20,
1,1,2,3,4,25,26,27,28,9,10,11,12,5,6,7,8,21,22,23,24,13,14,15,16,17,18,19,20,
1,1,2,3,4,25,26,27,28,9,10,11,12,13,14,15,16,5,6,7,8,17,18,19,20,
1,1,2,3,4,25,26,27,28,9,10,11,12,13,14,15,16,21,22,23,24,5,6,7,8,17,18,19,20,
1,1,2,3,4,25,26,27,28,9,10,11,12,17,18,19,20,13,14,15,16,5,6,7,8,21,22,23,24,
1,1,2,3,4,25,26,27,28,9,10,11,12,21,22,23,24,5,6,7,8,13,14,15,16,17,18,19,20,
1,1,2,3,4,25,26,27,28,9,10,11,12,21,22,23,24,17,18,19,20,
1,1,2,3,4,25,26,27,28,13,14,15,16,
1,1,2,3,4,25,26,27,28,13,14,15,16,9,10,11,12,21,22,23,24,5,6,7,8,17,18,19,20,
3,1,2,3,4,25,26,27,28,21,22,23,24,
1,1,2,3,4,25,26,27,28,21,22,23,24,5,6,7,8,9,10,11,12,13,14,15,16,17,18,19,20,
1,1,2,3,4,25,26,27,28,21,22,23,24,9,10,11,12,
1,1,2,3,4,25,26,27,28,21,22,23,24,9,10,11,12,5,6,7,8,13,14,15,16,17,18,19,20,
1,1,2,3,4,25,26,27,28,21,22,23,24,13,14,15,16,9,10,11,12,5,6,7,8,17,18,19,20,
1,1,2,4,3,
2,1,2,5,6,
1,1,2,9,17,13,
1,1,2,17,5,18,3,6,4,13,14,15,21,22,23,24,19,20,7,8,25,26,27,28,16,9,10,11,12,
1,1,2,21,23,3,4,22,24,13,25,26,27,28,
4,1,3,
6,1,3,2,4,
2,1,3,4,
1,1,3,4,2,6,5,7,8,14,13,15,16,21,22,23,24,17,18,19,20,9,10,11,12,25,26,27,28,
3,1,4,
1,1,4,2,3,
2,1,4,3,2,
4,1,5,
1,1,5,4,
1,1,5,9,
1,1,5,9,13,
1,1,5,9,13,2,6,10,14,3,7,11,15,4,8,12,16,
1,1,5,9,13,2,6,10,14,3,7,15,4,8,12,16,
3,1,5,9,13,17,21,25,
1,1,5,13,9,
1,1,5,21,13,25,9,17,
1,1,6,
1,1,6,5,2,3,10,7,12,17,18,19,20,13,14,15,16,25,22,28,4,8,21,11,9,23,24,27,26,
1,1,6,9,
1,1,6,10,
2,1,9,
1,1,9,13,
1,1,9,13,5,17,25,10,11,12,2,3,4,14,15,16,26,27,28,
1,1,9,17,25,6,14,22,3,11,19,27,8,16,24,5,13,21,2,10,18,26,7,15,23,4,12,20,28,
1,1,9,25,13,5,
6,1,9,25,13,5,17,
1,1,12,
2,1,13,
1,1,13,9,
1,1,13,22,
1,1,17,2,
1,1,18,
2,1,21,
1,1,21,13,7,
1,1,21,24,5,
1,1,22,
1,1,24,
1,1,25,
1,1,25,5,9,13,17,21,
2,1,25,13,21,9,5,17,
1,1,25,17,
1,1,25,26,
1,1,26,
1,2,1,
3,2,1,3,
1,2,1,3,4,
1,2,3,5,13,
4,2,4,
1,2,4,3,
1,2,4,3,1,
1,2,4,3,8,7,6,5,16,15,14,13,12,11,10,9,1,28,27,26,25,24,20,23,19,18,21,17,22,
1,2,5,10,11,
1,2,5,10,11,15,14,17,20,19,24,27,1,7,16,22,26,18,13,12,8,4,9,21,23,28,25,6,3,
1,2,5,15,17,28,
1,2,6,5,3,4,1,7,8,13,14,15,16,25,26,27,28,21,22,23,24,17,19,18,20,9,10,11,12,
1,2,9,
3,2,13,
1,2,13,5,
1,2,13,25,10,
1,2,13,26,10,
1,2,14,
2,2,21,
1,2,21,9,5,1,22,23,24,17,18,19,20,3,4,6,7,8,10,11,12,13,14,15,16,25,26,27,28,
1,3,1,
1,3,1,21,2,4,
1,3,2,
1,3,4,2,
1,3,4,2,1,
1,3,9,19,
1,4,3,
2,4,3,2,1,
1,4,5,
1,4,6,
1,4,6,2,
1,4,8,
1,4,9,10,11,12,25,26,27,28,
1,4,15,
1,4,15,6,2,
1,4,15,22,
1,4,25,
2,5,
1,5,1,2,17,
1,5,1,9,17,13,6,2,7,8,3,4,
2,5,1,13,
1,5,1,17,2,
1,5,2,
1,5,2,1,6,10,17,14,
1,5,2,3,13,
1,5,2,7,8,11,16,12,6,1,13,17,3,4,9,10,14,28,15,18,27,19,21,20,22,25,23,26,24,
1,5,2,13,
12,5,6,
4,5,6,7,
746,5,6,7,8,
20,5,6,7,8,1,2,3,4,
4,5,6,7,8,1,2,3,4,9,10,11,12,
3,5,6,7,8,1,2,3,4,9,10,11,12,13,14,15,16,17,18,19,20,21,22,23,24,25,26,27,28,
1,5,6,7,8,1,2,3,4,9,10,11,12,13,14,15,16,21,22,23,24,17,18,19,20,25,26,27,28,
2,5,6,7,8,1,2,3,4,9,10,11,12,13,14,15,16,21,22,23,24,25,26,27,28,17,18,19,20,
1,5,6,7,8,1,2,3,4,9,10,11,12,13,14,15,16,25,26,27,28,17,18,19,20,21,22,23,24,
1,5,6,7,8,1,2,3,4,9,10,11,12,13,14,15,16,25,26,27,28,21,22,23,24,17,18,19,20,
1,5,6,7,8,1,2,3,4,9,10,11,12,17,18,19,20,13,14,15,16,21,22,23,24,25,26,27,28,
1,5,6,7,8,1,2,3,4,9,10,11,12,17,18,19,20,13,14,15,16,25,26,27,28,21,22,23,24,
1,5,6,7,8,1,2,3,4,9,10,11,12,25,26,27,28,13,14,15,16,21,22,23,24,17,18,19,20,
10,5,6,7,8,1,2,3,4,13,14,15,16,
3,5,6,7,8,1,2,3,4,13,14,15,16,9,10,11,12,
2,5,6,7,8,1,2,3,4,13,14,15,16,9,10,11,12,17,18,19,20,25,26,27,28,21,22,23,24,
1,5,6,7,8,1,2,3,4,13,14,15,16,9,10,11,12,21,22,23,24,17,18,19,20,25,26,27,28,
2,5,6,7,8,1,2,3,4,13,14,15,16,9,10,11,12,25,26,27,28,21,22,23,24,17,18,19,20,
1,5,6,7,8,1,2,3,4,13,14,15,16,17,18,19,20,
1,5,6,7,8,1,2,3,4,13,14,15,16,17,18,19,20,21,22,23,24,25,26,27,28,9,10,11,12,
1,5,6,7,8,1,2,3,4,13,14,15,16,17,18,19,20,25,26,27,28,9,10,11,12,21,22,23,24,
1,5,6,7,8,1,2,3,4,13,14,15,16,21,22,23,24,9,10,11,12,25,26,27,28,17,18,19,20,
1,5,6,7,8,1,2,3,4,13,14,15,16,21,22,23,24,25,26,27,28,9,10,11,12,17,18,19,20,
3,5,6,7,8,1,2,3,4,13,14,15,16,25,26,27,28,9,10,11,12,21,22,23,24,17,18,19,20,
1,5,6,7,8,1,2,3,4,13,14,15,16,25,26,27,28,17,18,19,20,9,10,11,12,21,22,23,24,
1,5,6,7,8,1,2,3,4,13,14,15,16,25,26,27,28,21,22,23,24,17,18,19,20,9,10,11,12,
2,5,6,7,8,1,2,3,4,17,18,19,20,
1,5,6,7,8,1,2,3,4,17,18,19,20,13,14,15,16,
1,5,6,7,8,1,2,3,4,17,18,19,20,13,14,15,16,21,22,23,24,
2,5,6,7,8,1,2,3,4,17,18,19,20,21,22,23,24,13,14,15,16,9,10,11,12,25,26,27,28,
1,5,6,7,8,1,2,3,4,17,18,19,20,21,22,23,24,13,14,15,16,25,26,27,28,9,10,11,12,
1,5,6,7,8,1,2,3,4,21,22,23,24,
1,5,6,7,8,1,2,3,4,21,22,23,24,9,10,11,12,13,14,15,16,25,26,27,28,17,18,19,20,
2,5,6,7,8,1,2,3,4,21,22,23,24,9,10,11,12,25,26,27,28,13,14,15,16,17,18,19,20,
1,5,6,7,8,1,2,3,4,21,22,23,24,13,14,15,16,9,10,11,12,
1,5,6,7,8,1,2,3,4,21,22,23,24,13,14,15,16,9,10,11,12,17,18,19,20,25,26,27,28,
1,5,6,7,8,1,2,3,4,21,22,23,24,17,18,19,20,9,10,11,12,13,14,15,16,25,26,27,28,
1,5,6,7,8,1,2,3,4,21,22,23,24,17,18,19,20,13,14,15,16,25,26,27,28,9,10,11,12,
3,5,6,7,8,1,2,3,4,25,26,27,28,
1,5,6,7,8,1,2,3,4,25,26,27,28,9,10,11,12,13,14,15,16,21,22,23,24,17,18,19,20,
1,5,6,7,8,1,2,3,4,25,26,27,28,13,14,15,16,9,10,11,12,17,18,19,20,21,22,23,24,
1,5,6,7,8,1,2,3,4,25,26,27,28,13,14,15,16,9,10,11,12,21,22,23,24,17,18,19,20,
1,5,6,7,8,1,2,3,4,25,26,27,28,13,14,15,16,21,22,23,24,9,10,11,12,17,18,19,20,
1,5,6,7,8,1,2,3,4,25,26,27,28,21,22,23,24,13,14,15,16,9,10,11,12,17,18,19,20,
15,5,6,7,8,9,10,11,12,
1,5,6,7,8,9,10,11,12,1,2,3,4,
1,5,6,7,8,9,10,11,12,1,2,3,4,13,14,15,16,25,26,27,28,21,22,23,24,17,18,19,20,
2,5,6,7,8,9,10,11,12,1,2,3,4,17,18,19,20,
1,5,6,7,8,9,10,11,12,1,2,3,4,25,26,27,28,21,22,23,24,13,14,15,16,17,18,19,20,
1,5,6,7,8,9,10,11,12,1,2,3,4,25,26,27,28,21,22,23,24,17,18,19,20,13,14,15,16,
57,5,6,7,8,9,10,11,12,13,14,15,16,
1,5,6,7,8,9,10,11,12,13,14,15,16,1,2,3,4,17,18,19,20,25,26,27,28,21,22,23,24,
1,5,6,7,8,9,10,11,12,13,14,15,16,1,2,3,4,25,26,27,28,17,18,19,20,21,22,23,24,
2,5,6,7,8,9,10,11,12,13,14,15,16,1,2,3,4,25,26,27,28,21,22,23,24,17,18,19,20,
1,5,6,7,8,9,10,11,12,13,14,15,16,17,18,19,20,
2,5,6,7,8,9,10,11,12,13,14,15,16,17,18,19,20,1,2,3,4,21,22,23,24,25,26,27,28,
2,5,6,7,8,9,10,11,12,13,14,15,16,25,26,27,28,1,2,3,4,21,22,23,24,17,18,19,20,
1,5,6,7,8,9,10,11,12,13,14,15,16,25,26,27,28,17,18,19,20,21,22,23,24,1,2,3,4,
1,5,6,7,8,9,10,11,12,17,18,19,20,
1,5,6,7,8,9,10,11,12,17,18,19,20,1,2,3,4,
1,5,6,7,8,9,10,11,12,17,18,19,20,21,22,23,24,1,2,3,4,13,14,15,16,25,26,27,28,
4,5,6,7,8,9,10,11,12,21,22,23,24,
1,5,6,7,8,9,10,11,12,21,22,23,24,13,14,15,16,
4,5,6,7,8,9,10,11,12,25,26,27,28,
1,5,6,7,8,9,10,11,12,25,26,27,28,1,2,3,4,13,14,15,16,21,22,23,24,17,18,19,20,
1,5,6,7,8,9,10,11,12,25,26,27,28,13,14,15,16,
9,5,6,7,8,13,14,15,16,
4,5,6,7,8,13,14,15,16,1,2,3,4,
1,5,6,7,8,13,14,15,16,1,2,3,4,9,10,11,12,
1,5,6,7,8,13,14,15,16,1,2,3,4,9,10,11,12,17,18,19,20,25,26,27,28,21,22,23,24,
1,5,6,7,8,13,14,15,16,1,2,3,4,9,10,11,12,25,26,27,28,21,22,23,24,17,18,19,20,
1,5,6,7,8,13,14,15,16,1,2,3,4,17,18,19,20,21,22,23,24,25,26,27,28,9,10,11,12,
1,5,6,7,8,13,14,15,16,1,2,3,4,21,22,23,24,9,10,11,12,17,18,19,20,25,26,27,28,
1,5,6,7,8,13,14,15,16,1,2,3,4,21,22,23,24,9,10,11,12,25,26,27,28,17,18,19,20,
1,5,6,7,8,13,14,15,16,1,2,3,4,21,22,23,24,17,18,19,20,25,26,27,28,9,10,11,12,
1,5,6,7,8,13,14,15,16,1,2,3,4,21,22,23,24,25,26,27,28,17,18,19,20,9,10,11,12,
2,5,6,7,8,13,14,15,16,1,2,3,4,25,26,27,28,21,22,23,24,17,18,19,20,9,10,11,12,
3,5,6,7,8,13,14,15,16,9,10,11,12,
1,5,6,7,8,13,14,15,16,17,18,19,20,1,2,3,4,25,26,27,28,21,22,23,24,9,10,11,12,
1,5,6,7,8,13,14,15,16,17,18,19,20,25,26,27,28,1,2,3,4,9,10,11,12,21,22,23,24,
3,5,6,7,8,13,14,15,16,21,22,23,24,
1,5,6,7,8,13,14,15,16,21,22,23,24,25,26,27,28,17,18,19,20,9,10,11,12,1,2,3,4,
2,5,6,7,8,13,14,15,16,25,26,27,28,
1,5,6,7,8,13,14,15,16,25,26,27,28,1,2,3,4,21,22,23,24,9,10,11,12,17,18,19,20,
1,5,6,7,8,13,14,15,16,25,26,27,28,17,18,19,20,
1,5,6,7,8,13,14,15,16,25,26,27,28,21,22,23,24,1,2,3,4,9,10,11,12,17,18,19,20,
42,5,6,7,8,17,18,19,20,
6,5,6,7,8,17,18,19,20,1,2,3,4,
2,5,6,7,8,17,18,19,20,1,2,3,4,9,10,11,12,
89,5,6,7,8,17,18,19,20,1,2,3,4,13,14,15,16,
3,5,6,7,8,17,18,19,20,1,2,3,4,13,14,15,16,9,10,11,12,21,22,23,24,25,26,27,28,
3,5,6,7,8,17,18,19,20,1,2,3,4,13,14,15,16,21,22,23,24,9,10,11,12,25,26,27,28,
1,5,6,7,8,17,18,19,20,1,2,3,4,13,14,15,16,21,22,23,24,25,26,27,28,9,10,11,12,
2,5,6,7,8,17,18,19,20,1,2,3,4,21,22,23,24,25,26,27,28,9,10,11,12,
3,5,6,7,8,17,18,19,20,13,14,15,16,
2,5,6,7,8,17,18,19,20,13,14,15,16,1,2,3,4,
1,5,6,7,8,17,18,19,20,13,14,15,16,1,2,3,4,9,10,11,12,25,26,27,28,21,22,23,24,
1,5,6,7,8,17,18,19,20,13,14,15,16,9,10,11,12,
1,5,6,7,8,17,18,19,20,13,14,15,16,9,10,11,12,1,2,3,4,21,22,23,24,25,26,27,28,
32,5,6,7,8,17,18,19,20,21,22,23,24,
1,5,6,7,8,17,18,19,20,21,22,23,24,9,10,11,12,25,26,27,28,1,2,3,4,
1,5,6,7,8,17,18,19,20,21,22,23,24,13,14,15,16,9,10,11,12,1,2,3,4,25,26,27,28,
2,5,6,7,8,17,18,19,20,25,26,27,28,
1,5,6,7,8,17,18,19,20,25,26,27,28,21,22,23,24,13,14,15,16,1,2,3,4,9,10,11,12,
6,5,6,7,8,21,22,23,24,
2,5,6,7,8,21,22,23,24,1,2,3,4,
1,5,6,7,8,21,22,23,24,1,2,3,4,13,14,15,16,9,10,11,12,17,18,19,20,
1,5,6,7,8,21,22,23,24,1,2,3,4,13,14,15,16,17,18,19,20,9,10,11,12,25,26,27,28,
1,5,6,7,8,21,22,23,24,9,10,11,12,1,2,3,4,13,14,15,16,25,26,27,28,17,18,19,20,
1,5,6,7,8,21,22,23,24,9,10,11,12,1,2,3,4,25,26,27,28,13,14,15,16,17,18,19,20,
2,5,6,7,8,21,22,23,24,9,10,11,12,13,14,15,16,17,18,19,20,25,26,27,28,1,2,3,4,
1,5,6,7,8,21,22,23,24,9,10,11,12,25,26,27,28,
2,5,6,7,8,21,22,23,24,13,14,15,16,1,2,3,4,9,10,11,12,17,18,19,20,25,26,27,28,
1,5,6,7,8,21,22,23,24,13,14,15,16,1,2,3,4,25,26,27,28,9,10,11,12,17,18,19,20,
1,5,6,7,8,21,22,23,24,17,18,19,20,13,14,15,16,
1,5,6,7,8,21,22,23,24,17,18,19,20,13,14,15,16,1,2,3,4,9,10,11,12,25,26,27,28,
2,5,6,7,8,21,22,23,24,25,26,27,28,
10,5,6,7,8,25,26,27,28,
1,5,6,7,8,25,26,27,28,1,2,3,4,13,14,15,16,9,10,11,12,17,18,19,20,21,22,23,24,
1,5,6,7,8,25,26,27,28,1,2,3,4,13,14,15,16,9,10,11,12,21,22,23,24,17,18,19,20,
1,5,6,7,8,25,26,27,28,1,2,3,4,13,14,15,16,21,22,23,24,9,10,11,12,17,18,19,20,
2,5,6,7,8,25,26,27,28,9,10,11,12,
1,5,6,7,8,25,26,27,28,9,10,11,12,1,2,3,4,13,14,15,16,21,22,23,24,17,18,19,20,
1,5,6,7,8,25,26,27,28,9,10,11,12,13,14,15,16,21,22,23,24,17,18,19,20,1,2,3,4,
1,5,6,7,8,25,26,27,28,9,10,11,12,21,22,23,24,1,2,3,4,17,18,19,20,13,14,15,16,
1,5,6,7,8,25,26,27,28,13,14,15,16,1,2,3,4,
1,5,6,7,8,25,26,27,28,13,14,15,16,1,2,3,4,9,10,11,12,21,22,23,24,17,18,19,20,
1,5,6,7,8,25,26,27,28,13,14,15,16,9,10,11,12,1,2,3,4,21,22,23,24,17,18,19,20,
1,5,6,7,8,25,26,27,28,17,18,19,20,9,10,11,12,1,2,3,4,13,14,15,16,21,22,23,24,
1,5,6,7,8,25,26,27,28,17,18,19,20,13,14,15,16,9,10,11,12,1,2,3,4,21,22,23,24,
1,5,6,7,8,25,26,27,28,21,22,23,24,
1,5,6,7,25,
1,5,6,7,26,8,25,27,28,
1,5,6,13,9,1,2,21,22,
1,5,6,17,18,
1,5,6,21,22,25,26,7,23,27,8,24,28,
4,5,7,
3,5,7,6,8,
1,5,7,8,6,
1,5,9,
3,5,9,13,
1,5,10,13,9,6,21,3,8,16,2,28,14,
4,5,13,
1,5,13,1,9,17,21,25,
1,5,13,14,
1,5,13,21,22,23,24,
1,5,13,21,23,4,
1,5,14,
1,5,14,3,12,
1,5,17,1,13,
1,5,17,1,18,6,
1,5,17,6,1,7,8,9,13,21,18,19,20,14,15,16,10,11,12,3,4,2,25,26,27,28,
2,5,17,13,
1,5,20,
1,5,21,
1,5,21,1,
1,5,21,14,
1,5,21,22,23,24,
1,5,23,15,20,
1,5,25,6,26,
1,5,25,27,26,28,
1,5,26,6,7,8,1,2,3,4,25,27,28,13,14,15,16,21,22,23,24,9,10,11,12,17,18,19,20,
1,5,27,12,2,1,25,28,13,11,26,3,8,4,7,10,14,6,24,16,23,15,9,22,21,20,19,18,17,
2,6,2,
1,6,5,
2,6,5,7,8,
1,6,5,8,7,
1,6,7,
1,6,7,8,5,26,28,27,25,
1,6,12,13,18,
1,6,25,
1,6,25,26,27,28,5,7,8,13,14,15,16,
1,6,25,26,27,28,13,14,15,16,5,7,8,
1,7,1,
1,7,2,
1,7,2,4,5,
2,7,5,
1,7,5,6,
2,7,5,6,8,
1,7,5,8,6,
1,7,6,
2,7,6,5,8,
1,7,6,8,
1,7,8,6,5,
1,7,9,
1,7,11,27,
1,7,13,
1,7,14,23,
1,7,18,16,
1,7,21,
1,8,3,
3,8,5,
4,8,5,6,7,
1,8,6,5,
1,8,7,6,
1,8,7,6,5,
1,8,16,
1,8,19,
1,8,28,17,
1,9,
2,9,1,5,13,17,2,6,18,
1,9,1,5,13,17,21,25,
1,9,1,13,17,
1,9,2,
1,9,2,5,1,13,
1,9,2,7,5,10,11,12,4,8,13,
3,9,5,
1,9,5,1,13,2,25,
1,9,5,13,
1,9,5,13,1,10,14,6,2,11,7,15,3,12,8,16,4,
1,9,5,17,13,1,
3,9,5,25,
1,9,8,
29,9,10,
9,9,10,11,
1908,9,10,11,12,
6,9,10,11,12,1,2,3,4,
5,9,10,11,12,1,2,3,4,5,6,7,8,
4,9,10,11,12,1,2,3,4,5,6,7,8,13,14,15,16,17,18,19,20,21,22,23,24,25,26,27,28,
1,9,10,11,12,1,2,3,4,5,6,7,8,13,14,15,16,21,22,23,24,25,26,27,28,17,18,19,20,
1,9,10,11,12,1,2,3,4,5,6,7,8,13,14,15,16,25,26,27,28,17,18,19,20,21,22,23,24,
3,9,10,11,12,1,2,3,4,5,6,7,8,13,14,15,16,25,26,27,28,21,22,23,24,17,18,19,20,
1,9,10,11,12,1,2,3,4,5,6,7,8,21,22,23,24,13,14,15,16,17,18,19,20,25,26,27,28,
1,9,10,11,12,1,2,3,4,5,6,7,8,25,26,27,28,13,14,15,16,17,18,19,20,21,22,23,24,
1,9,10,11,12,1,2,3,4,5,6,7,8,25,26,27,28,21,22,23,24,13,14,15,16,17,18,19,20,
1,9,10,11,12,1,2,3,4,5,6,7,8,25,26,27,28,21,23,22,24,17,18,19,20,16,15,14,13,
2,9,10,11,12,1,2,3,4,13,14,15,16,
1,9,10,11,12,1,2,3,4,13,14,15,16,5,6,7,8,
1,9,10,11,12,1,2,3,4,13,14,15,16,17,18,19,20,21,22,23,24,25,26,27,28,5,6,7,8,
5,9,10,11,12,1,2,3,4,17,18,19,20,
1,9,10,11,12,1,2,3,4,17,18,19,20,5,6,7,8,13,14,15,16,25,26,27,28,
1,9,10,11,12,1,2,3,4,17,18,19,20,25,26,27,28,13,14,15,16,5,6,7,8,21,22,23,24,
1,9,10,11,12,1,2,3,4,21,22,23,24,17,18,19,20,5,6,7,8,13,14,15,16,25,26,27,28,
3,9,10,11,12,1,2,3,4,25,26,27,28,
1,9,10,11,12,1,2,3,4,25,26,27,28,13,14,15,16,5,6,7,8,
1,9,10,11,12,1,2,3,4,25,26,27,28,13,14,15,16,5,6,7,8,17,18,19,20,21,22,23,24,
1,9,10,11,12,4,8,16,28,3,7,15,20,19,27,2,6,1,5,18,17,14,13,26,25,24,23,22,21,
16,9,10,11,12,5,6,7,8,
3,9,10,11,12,5,6,7,8,1,2,3,4,
3,9,10,11,12,5,6,7,8,1,2,3,4,13,14,15,16,17,18,19,20,21,22,23,24,25,26,27,28,
1,9,10,11,12,5,6,7,8,1,2,3,4,13,14,15,16,17,18,19,20,25,26,27,28,
1,9,10,11,12,5,6,7,8,1,2,3,4,13,14,15,16,21,22,23,24,17,18,19,20,25,26,27,28,
1,9,10,11,12,5,6,7,8,1,2,3,4,13,14,15,16,21,22,23,24,25,26,27,28,17,18,19,20,
1,9,10,11,12,5,6,7,8,1,2,3,4,13,14,15,16,25,26,27,28,21,22,23,24,
3,9,10,11,12,5,6,7,8,1,2,3,4,13,14,15,16,25,26,27,28,21,22,23,24,17,18,19,20,
1,9,10,11,12,5,6,7,8,1,2,3,4,17,18,19,20,13,14,15,16,21,22,23,24,25,26,27,28,
1,9,10,11,12,5,6,7,8,1,2,3,4,25,26,27,28,21,22,23,24,17,18,19,20,13,14,15,16,
9,9,10,11,12,5,6,7,8,13,14,15,16,
1,9,10,11,12,5,6,7,8,13,14,15,16,1,2,3,4,17,18,19,20,
2,9,10,11,12,5,6,7,8,13,14,15,16,1,2,3,4,17,18,19,20,25,26,27,28,21,22,23,24,
2,9,10,11,12,5,6,7,8,13,14,15,16,1,2,3,4,25,26,27,28,21,22,23,24,17,18,19,20,
1,9,10,11,12,5,6,7,8,13,14,15,16,25,26,27,28,1,2,3,4,21,22,23,24,17,18,19,20,
2,9,10,11,12,5,6,7,8,17,18,19,20,
2,9,10,11,12,5,6,7,8,17,18,19,20,13,14,15,16,
6,9,10,11,12,5,6,7,8,21,22,23,24,13,14,15,16,
3,9,10,11,12,5,6,7,8,25,26,27,28,
1,9,10,11,12,5,6,7,8,25,26,27,28,13,14,15,16,1,2,3,4,21,22,23,24,17,18,19,20,
1,9,10,11,12,5,6,7,8,25,26,27,28,21,22,23,24,13,14,15,16,1,2,3,4,17,18,19,20,
1,9,10,11,12,5,6,7,8,25,26,27,28,21,22,23,24,13,14,15,16,17,18,19,20,1,2,3,4,
1,9,10,11,12,13,5,17,18,19,20,
39,9,10,11,12,13,14,15,16,
10,9,10,11,12,13,14,15,16,1,2,3,4,
1,9,10,11,12,13,14,15,16,1,2,3,4,5,6,7,8,17,18,19,20,21,22,23,24,25,26,27,28,
1,9,10,11,12,13,14,15,16,1,2,3,4,5,6,7,8,17,18,19,20,25,26,27,28,21,22,23,24,
2,9,10,11,12,13,14,15,16,1,2,3,4,5,6,7,8,25,26,27,28,21,22,23,24,17,18,19,20,
1,9,10,11,12,13,14,15,16,1,2,3,4,25,26,27,28,5,6,7,8,
8,9,10,11,12,13,14,15,16,5,6,7,8,
2,9,10,11,12,13,14,15,16,5,6,7,8,1,2,3,4,
1,9,10,11,12,13,14,15,16,5,6,7,8,1,2,3,4,17,18,19,20,21,22,23,24,25,26,27,28,
2,9,10,11,12,13,14,15,16,5,6,7,8,1,2,3,4,21,22,23,24,25,26,27,28,17,18,19,20,
5,9,10,11,12,13,14,15,16,5,6,7,8,1,2,3,4,25,26,27,28,21,22,23,24,17,18,19,20,
1,9,10,11,12,13,14,15,16,5,6,7,8,17,18,19,20,25,26,27,28,1,2,3,4,21,22,23,24,
1,9,10,11,12,13,14,15,16,5,6,7,8,17,18,19,20,25,26,27,28,21,22,23,24,1,2,3,4,
1,9,10,11,12,13,14,15,16,5,6,7,8,21,22,23,24,
1,9,10,11,12,13,14,15,16,5,6,7,8,21,22,23,24,1,2,3,4,17,18,19,20,25,26,27,28,
1,9,10,11,12,13,14,15,16,5,6,7,8,21,22,23,24,1,2,3,4,25,26,27,28,17,18,19,20,
1,9,10,11,12,13,14,15,16,5,6,7,8,25,26,27,28,21,22,23,24,1,2,3,4,17,18,19,20,
5,9,10,11,12,13,14,15,16,17,18,19,20,
1,9,10,11,12,13,14,15,16,17,18,19,20,5,6,7,8,21,22,23,24,25,26,27,28,1,2,3,4,
1,9,10,11,12,13,14,15,16,17,18,19,20,21,22,23,24,1,2,3,4,5,6,7,8,25,26,27,28,
1,9,10,11,12,13,14,15,16,17,18,19,20,21,22,23,24,5,6,7,8,1,2,3,4,25,26,27,28,
9,9,10,11,12,13,14,15,16,21,22,23,24,
1,9,10,11,12,13,14,15,16,21,22,23,24,5,6,7,8,1,2,3,4,17,18,19,20,25,26,27,28,
1,9,10,11,12,13,14,15,16,21,22,23,24,5,6,7,8,1,2,3,4,25,26,27,28,17,18,19,20,
1,9,10,11,12,13,14,15,16,21,22,23,24,25,26,27,28,17,18,19,20,5,6,7,8,1,2,3,4,
403,9,10,11,12,13,14,15,16,25,26,27,28,
1,9,10,11,12,13,14,15,16,25,26,27,28,1,2,3,4,
3,9,10,11,12,13,14,15,16,25,26,27,28,1,2,3,4,5,6,7,8,17,18,19,20,21,22,23,24,
3,9,10,11,12,13,14,15,16,25,26,27,28,1,2,3,4,5,6,7,8,21,22,23,24,17,18,19,20,
3,9,10,11,12,13,14,15,16,25,26,27,28,5,6,7,8,1,2,3,4,17,18,19,20,21,22,23,24,
5,9,10,11,12,13,14,15,16,25,26,27,28,5,6,7,8,1,2,3,4,21,22,23,24,17,18,19,20,
1,9,10,11,12,13,14,15,16,25,26,27,28,17,18,19,20,
1,9,10,11,12,13,14,15,16,25,26,27,28,17,18,19,20,5,6,7,8,1,2,3,4,21,22,23,24,
1,9,10,11,12,13,14,15,16,25,26,27,28,17,18,19,20,21,22,23,24,1,2,3,4,5,6,7,8,
1,9,10,11,12,13,14,15,16,25,26,27,28,21,22,23,24,17,18,19,20,1,2,3,4,5,6,7,8,
1,9,10,11,12,13,14,15,16,25,26,27,28,21,22,23,24,17,18,19,20,5,6,7,8,1,2,3,4,
18,9,10,11,12,17,18,19,20,
2,9,10,11,12,17,18,19,20,1,2,3,4,
1,9,10,11,12,17,18,19,20,5,6,7,8,
5,9,10,11,12,17,18,19,20,13,14,15,16,
1,9,10,11,12,17,18,19,20,13,14,15,16,5,6,7,8,
1,9,10,11,12,17,18,19,20,13,14,15,16,5,6,7,8,1,2,3,4,
1,9,10,11,12,17,18,19,20,13,14,15,16,5,6,7,8,1,2,3,4,21,22,23,24,25,26,27,28,
1,9,10,11,12,17,18,19,20,13,14,15,16,5,6,7,8,1,2,3,4,25,26,27,28,21,22,23,24,
1,9,10,11,12,17,18,19,20,13,14,15,16,25,26,27,28,
3,9,10,11,12,17,18,19,20,21,22,23,24,
3,9,10,11,12,17,18,19,20,21,22,23,24,13,14,15,16,5,6,7,8,1,2,3,4,25,26,27,28,
1,9,10,11,12,17,18,19,20,21,22,23,24,25,26,27,28,
1,9,10,11,12,17,18,19,20,21,22,23,24,25,26,27,28,5,6,7,8,1,2,3,4,
1,9,10,11,12,17,18,19,20,21,22,23,24,25,26,27,28,13,14,15,16,5,6,7,8,1,2,3,4,
5,9,10,11,12,17,18,19,20,25,26,27,28,
2,9,10,11,12,17,18,19,20,25,26,27,28,1,2,3,4,5,6,7,8,13,14,15,16,21,22,23,24,
1,9,10,11,12,17,18,19,20,25,26,27,28,13,14,15,16,
2,9,10,11,12,17,18,19,20,25,26,27,28,13,14,15,16,5,6,7,8,1,2,3,4,21,22,23,24,
1,9,10,11,12,17,18,19,20,25,26,27,28,21,22,23,24,
2,9,10,11,12,17,18,19,20,25,26,27,28,21,22,23,24,5,6,7,8,1,2,3,4,13,14,15,16,
1,9,10,11,12,17,18,19,20,25,26,27,28,21,22,23,24,13,14,15,16,
2,9,10,11,12,17,18,19,20,25,26,27,28,21,22,23,24,13,14,15,16,1,2,3,4,5,6,7,8,
1,9,10,11,12,17,18,19,20,25,26,27,28,21,22,23,24,13,14,15,16,5,6,7,8,1,2,3,4,
35,9,10,11,12,21,22,23,24,
1,9,10,11,12,21,22,23,24,1,2,3,4,5,6,7,8,25,26,27,28,13,14,15,16,17,18,19,20,
1,9,10,11,12,21,22,23,24,1,2,3,4,17,18,19,20,25,26,27,28,5,6,7,8,13,14,15,16,
1,9,10,11,12,21,22,23,24,5,6,7,8,1,2,3,4,13,14,15,16,17,18,19,20,25,26,27,28,
5,9,10,11,12,21,22,23,24,13,14,15,16,
1,9,10,11,12,21,22,23,24,13,14,15,16,1,2,3,4,
1,9,10,11,12,21,22,23,24,13,14,15,16,1,2,3,4,5,6,7,8,17,18,19,20,
1,9,10,11,12,21,22,23,24,13,14,15,16,1,2,3,4,25,26,27,28,5,6,7,8,
4,9,10,11,12,21,22,23,24,13,14,15,16,5,6,7,8,1,2,3,4,25,26,27,28,17,18,19,20,
1,9,10,11,12,21,22,23,24,13,14,15,16,17,18,19,20,25,26,27,28,5,6,7,8,1,2,3,4,
1,9,10,11,12,21,22,23,24,13,14,15,16,25,26,27,28,
5,9,10,11,12,21,22,23,24,17,18,19,20,
1,9,10,11,12,21,22,23,24,17,18,19,20,13,14,15,16,1,2,3,4,5,6,7,8,25,26,27,28,
1,9,10,11,12,21,22,23,24,17,18,19,20,13,14,15,16,5,6,7,8,1,2,3,4,
2,9,10,11,12,21,22,23,24,17,18,19,20,13,14,15,16,5,6,7,8,1,2,3,4,25,26,27,28,
1,9,10,11,12,21,22,23,24,17,18,19,20,25,26,27,28,13,14,15,16,1,2,3,4,5,6,7,8,
17,9,10,11,12,21,22,23,24,25,26,27,28,
1,9,10,11,12,21,22,23,24,25,26,27,28,1,2,3,4,
4,9,10,11,12,21,22,23,24,25,26,27,28,1,2,3,4,5,6,7,8,13,14,15,16,17,18,19,20,
2,9,10,11,12,21,22,23,24,25,26,27,28,1,2,3,4,13,14,15,16,5,6,7,8,17,18,19,20,
1,9,10,11,12,21,22,23,24,25,26,27,28,5,6,7,8,1,2,3,4,13,14,15,16,17,18,19,20,
1,9,10,11,12,21,22,23,24,25,26,27,28,5,6,7,8,13,14,15,16,
1,9,10,11,12,21,22,23,24,25,26,27,28,5,6,7,8,13,14,15,16,17,18,19,20,1,2,3,4,
2,9,10,11,12,21,22,23,24,25,26,27,28,13,14,15,16,1,2,3,4,5,6,7,8,17,18,19,20,
3,9,10,11,12,21,22,23,24,25,26,27,28,13,14,15,16,5,6,7,8,1,2,3,4,17,18,19,20,
1,9,10,11,12,21,22,23,24,25,26,27,28,13,14,15,16,5,6,7,8,17,18,19,20,1,2,3,4,
1,9,10,11,12,21,22,23,24,25,26,27,28,13,14,15,16,17,18,19,20,5,6,7,8,1,2,3,4,
2,9,10,11,12,21,22,23,24,25,26,27,28,17,18,19,20,
2,9,10,11,12,21,22,23,24,25,26,27,28,17,18,19,20,5,6,7,8,1,2,3,4,13,14,15,16,
1,9,10,11,12,21,22,23,24,25,26,27,28,17,18,19,20,13,14,15,16,1,2,3,4,5,6,7,8,
4,9,10,11,12,21,22,23,24,25,26,27,28,17,18,19,20,13,14,15,16,5,6,7,8,1,2,3,4,
72,9,10,11,12,25,26,27,28,
3,9,10,11,12,25,26,27,28,1,2,3,4,
1,9,10,11,12,25,26,27,28,1,2,3,4,5,6,7,8,13,14,15,16,
2,9,10,11,12,25,26,27,28,1,2,3,4,5,6,7,8,13,14,15,16,17,18,19,20,21,22,23,24,
7,9,10,11,12,25,26,27,28,1,2,3,4,5,6,7,8,13,14,15,16,21,22,23,24,17,18,19,20,
1,9,10,11,12,25,26,27,28,1,2,3,4,5,6,7,8,13,14,15,16,24,23,22,21,20,19,18,17,
1,9,10,11,12,25,26,27,28,1,2,3,4,5,6,7,8,17,18,19,20,13,14,15,16,21,22,23,24,
2,9,10,11,12,25,26,27,28,1,2,3,4,5,6,7,8,21,22,23,24,13,14,15,16,17,18,19,20,
1,9,10,11,12,25,26,27,28,1,2,3,4,13,14,15,16,5,6,7,8,17,18,19,20,21,22,23,24,
2,9,10,11,12,25,26,27,28,1,2,3,4,13,14,15,16,5,6,7,8,21,22,23,24,17,18,19,20,
1,9,10,11,12,25,26,27,28,1,2,3,4,13,14,15,16,17,18,19,20,
5,9,10,11,12,25,26,27,28,5,6,7,8,
1,9,10,11,12,25,26,27,28,5,6,7,8,1,2,3,4,
2,9,10,11,12,25,26,27,28,5,6,7,8,1,2,3,4,13,14,15,16,17,18,19,20,21,22,23,24,
4,9,10,11,12,25,26,27,28,5,6,7,8,1,2,3,4,13,14,15,16,21,22,23,24,17,18,19,20,
2,9,10,11,12,25,26,27,28,5,6,7,8,13,14,15,16,
2,9,10,11,12,25,26,27,28,5,6,7,8,13,14,15,16,1,2,3,4,17,18,19,20,21,22,23,24,
4,9,10,11,12,25,26,27,28,5,6,7,8,13,14,15,16,1,2,3,4,21,22,23,24,17,18,19,20,
1,9,10,11,12,25,26,27,28,5,6,7,8,21,22,23,24,13,14,15,16,1,2,3,4,17,18,19,20,
12,9,10,11,12,25,26,27,28,13,14,15,16,
1,9,10,11,12,25,26,27,28,13,14,15,16,1,2,3,4,
2,9,10,11,12,25,26,27,28,13,14,15,16,1,2,3,4,5,6,7,8,17,18,19,20,21,22,23,24,
4,9,10,11,12,25,26,27,28,13,14,15,16,1,2,3,4,5,6,7,8,21,22,23,24,17,18,19,20,
1,9,10,11,12,25,26,27,28,13,14,15,16,1,2,3,4,17,18,19,20,5,6,7,8,21,22,23,24,
1,9,10,11,12,25,26,27,28,13,14,15,16,5,6,7,8,
3,9,10,11,12,25,26,27,28,13,14,15,16,5,6,7,8,1,2,3,4,17,18,19,20,21,22,23,24,
6,9,10,11,12,25,26,27,28,13,14,15,16,5,6,7,8,1,2,3,4,21,22,23,24,17,18,19,20,
1,9,10,11,12,25,26,27,28,13,14,15,16,5,6,7,8,1,2,3,4,24,23,22,21,20,19,18,17,
1,9,10,11,12,25,26,27,28,13,14,15,16,5,6,7,8,17,18,19,20,1,2,3,4,21,22,23,24,
2,9,10,11,12,25,26,27,28,13,14,15,16,21,22,23,24,5,6,7,8,1,2,3,4,17,18,19,20,
6,9,10,11,12,25,26,27,28,17,18,19,20,
2,9,10,11,12,25,26,27,28,17,18,19,20,1,2,3,4,5,6,7,8,13,14,15,16,21,22,23,24,
1,9,10,11,12,25,26,27,28,17,18,19,20,5,6,7,8,1,2,3,4,21,22,23,24,
1,9,10,11,12,25,26,27,28,17,18,19,20,13,14,15,16,5,6,7,8,1,2,3,4,
1,9,10,11,12,25,26,27,28,17,18,19,20,13,14,15,16,5,6,7,8,1,2,3,4,21,22,23,24,
2,9,10,11,12,25,26,27,28,17,18,19,20,21,22,23,24,
1,9,10,11,12,25,26,27,28,17,18,19,20,21,22,23,24,13,14,15,16,1,2,3,4,5,6,7,8,
3,9,10,11,12,25,26,27,28,17,18,19,20,21,22,23,24,13,14,15,16,5,6,7,8,1,2,3,4,
12,9,10,11,12,25,26,27,28,21,22,23,24,
3,9,10,11,12,25,26,27,28,21,22,23,24,1,2,3,4,5,6,7,8,13,14,15,16,17,18,19,20,
1,9,10,11,12,25,26,27,28,21,22,23,24,1,2,3,4,5,6,7,8,17,18,19,20,
2,9,10,11,12,25,26,27,28,21,22,23,24,1,2,3,4,13,14,15,16,5,6,7,8,17,18,19,20,
3,9,10,11,12,25,26,27,28,21,22,23,24,5,6,7,8,1,2,3,4,13,14,15,16,17,18,19,20,
1,9,10,11,12,25,26,27,28,21,22,23,24,5,6,7,8,17,18,19,20,
8,9,10,11,12,25,26,27,28,21,22,23,24,13,14,15,16,5,6,7,8,1,2,3,4,17,18,19,20,
1,9,10,11,12,25,26,27,28,21,22,23,24,17,18,19,20,
1,9,10,11,12,25,26,27,28,21,22,23,24,17,18,19,20,1,2,3,4,
1,9,10,11,12,25,26,27,28,21,22,23,24,17,18,19,20,5,6,7,8,13,14,15,16,1,2,3,4,
2,9,10,11,12,25,26,27,28,21,22,23,24,17,18,19,20,13,14,15,16,5,6,7,8,1,2,3,4,
1,9,10,11,12,26,27,4,
3,9,10,12,11,
1,9,10,13,14,17,18,19,21,22,23,24,25,26,27,28,20,15,16,11,12,5,6,7,8,4,3,2,1,
1,9,10,17,5,
6,9,11,
1,9,11,1,
1,9,11,10,
4,9,11,10,12,
1,9,11,12,
3,9,11,12,10,
1,9,11,13,14,
6,9,12,
4,9,12,10,11,
1,9,12,11,
5,9,13,
1,9,13,1,
1,9,13,5,2,
1,9,13,5,2,1,6,10,14,11,15,7,3,16,12,8,4,
1,9,13,5,10,11,12,
1,9,13,10,
1,9,13,10,11,
3,9,13,10,11,12,
1,9,13,14,15,
2,9,13,14,15,16,
1,9,13,14,16,
1,9,13,17,
1,9,13,21,25,17,5,1,
8,9,13,25,
1,9,13,25,5,1,
1,9,13,25,10,11,12,
1,9,13,25,26,27,28,
1,9,14,
1,9,14,19,
1,9,15,
2,9,16,
2,9,17,
1,9,17,1,
1,9,17,5,10,18,
1,9,17,13,5,1,21,25,
2,9,17,13,5,18,19,20,6,7,8,14,15,16,1,2,3,4,10,11,12,25,26,27,28,21,22,23,24,
1,9,17,13,25,1,2,3,4,5,6,7,8,10,11,12,14,15,16,18,19,20,26,27,28,21,23,24,22,
1,9,17,22,18,
1,9,19,17,10,2,27,11,12,
1,9,20,7,
3,9,21,
1,9,21,22,23,24,1,2,3,4,17,18,19,20,5,6,7,8,10,11,12,13,14,15,16,25,26,27,28,
1,9,21,22,23,24,10,11,12,17,18,19,20,1,2,3,4,5,6,7,8,13,14,15,16,25,26,27,28,
1,9,21,22,23,24,17,18,19,20,13,14,15,16,10,11,12,5,6,7,8,1,2,3,4,25,26,27,28,
2,9,22,
2,9,22,2,1,5,
1,9,22,10,11,
1,9,24,
1,9,24,10,
1,9,25,
1,9,25,10,26,11,27,12,28,5,6,7,8,
1,9,25,13,
1,9,25,13,10,11,12,26,27,28,14,15,16,17,5,
1,9,25,17,5,10,21,
1,9,25,17,13,
1,9,25,26,27,28,13,14,15,16,5,6,7,8,10,11,12,4,3,2,1,24,23,22,21,17,18,19,20,
2,10,1,2,3,4,
1,10,5,11,
1,10,6,16,
1,10,8,
4,10,9,
5,10,9,11,12,
1,10,9,12,11,
1,10,9,12,11,22,23,21,24,16,14,15,13,18,17,19,20,25,26,28,27,6,7,8,5,2,3,4,1,
1,10,9,27,
8,10,11,
1,10,11,9,
3,10,11,9,12,
1,10,11,9,12,13,14,15,16,
1,10,11,9,12,21,22,23,24,
3,10,11,12,
2,10,11,12,9,
1,10,11,12,9,13,14,15,16,28,27,26,25,4,3,2,1,8,7,6,5,24,23,22,21,20,19,18,17,
1,10,11,12,9,13,14,15,16,28,27,26,25,5,6,8,7,4,3,2,1,24,23,22,21,
4,10,12,
1,10,12,9,11,
1,10,12,11,
1,10,14,
1,10,17,22,23,13,11,5,2,3,4,21,12,25,27,14,15,6,7,9,8,1,26,18,19,20,16,24,28,
1,10,22,
1,10,25,2,26,3,23,27,4,28,
3,11,9,
1,11,9,10,
1,11,9,10,12,
1,11,9,12,
4,11,10,
1,11,10,9,12,
5,11,10,12,9,
4,11,12,
1,11,12,9,10,
1,11,12,10,
4,11,12,10,9,
1,11,17,
1,11,23,
1,11,23,19,27,
2,12,9,
1,12,9,10,11,
2,12,10,
1,12,10,11,9,
2,12,11,
1,12,11,9,10,
1,12,11,10,
1,12,11,10,9,
1,12,11,10,9,25,26,27,28,5,6,7,8,1,2,3,4,13,14,15,16,21,22,23,24,20,19,18,17,
1,12,23,
1,12,23,2,
2,13,
1,13,1,
1,13,1,2,3,4,5,6,
1,13,1,3,
1,13,1,9,5,
1,13,1,14,2,3,15,4,16,5,25,6,26,27,7,8,28,11,12,21,
1,13,1,14,2,15,3,16,4,
1,13,1,14,2,15,3,16,4,5,6,7,8,9,10,11,12,17,18,19,20,25,26,27,28,21,22,23,24,
1,13,1,14,5,2,15,6,3,17,16,4,18,7,28,8,27,19,24,12,26,23,11,25,22,10,20,21,9,
1,13,2,
2,13,2,5,
1,13,2,14,15,
4,13,5,
3,13,5,1,
1,13,5,9,14,15,16,6,7,8,1,2,3,4,10,11,12,25,26,27,28,17,18,19,20,21,22,23,24,
1,13,5,21,22,23,24,
1,13,6,
1,13,6,3,19,23,11,27,
1,13,7,15,1,
1,13,8,
8,13,9,
1,13,9,1,14,15,16,2,3,4,
3,13,9,5,
1,13,9,5,1,25,
1,13,9,14,10,15,11,16,12,
1,13,9,14,16,
2,13,9,16,14,
1,13,9,16,17,
1,13,9,17,
1,13,9,21,
1,13,9,25,
1,13,10,
1,13,10,23,
1,13,11,9,28,
38,13,14,
1,13,14,5,6,1,2,17,18,19,20,15,16,7,8,3,4,
1,13,14,5,6,1,2,25,9,15,16,7,8,3,4,
1,13,14,9,
10,13,14,15,
1458,13,14,15,16,
18,13,14,15,16,1,2,3,4,
6,13,14,15,16,1,2,3,4,5,6,7,8,
1,13,14,15,16,1,2,3,4,5,6,7,8,9,10,11,12,17,18,19,20,21,22,23,24,
2,13,14,15,16,1,2,3,4,5,6,7,8,9,10,11,12,17,18,19,20,25,26,27,28,21,22,23,24,
1,13,14,15,16,1,2,3,4,5,6,7,8,9,10,11,12,21,22,23,24,25,26,27,28,17,18,19,20,
1,13,14,15,16,1,2,3,4,5,6,7,8,9,10,11,12,25,26,27,28,17,18,19,20,21,22,23,24,
2,13,14,15,16,1,2,3,4,5,6,7,8,9,10,11,12,25,26,27,28,21,22,23,24,17,18,19,20,
1,13,14,15,16,1,2,3,4,5,6,7,8,17,18,19,20,21,22,23,24,
1,13,14,15,16,1,2,3,4,5,6,7,8,17,18,19,20,21,22,23,24,9,10,11,12,25,26,27,28,
1,13,14,15,16,1,2,3,4,5,6,7,8,17,18,19,20,25,26,27,28,9,10,11,12,21,22,23,24,
1,13,14,15,16,1,2,3,4,5,6,7,8,21,22,23,24,
1,13,14,15,16,1,2,3,4,5,6,7,8,21,22,23,24,9,10,11,12,17,18,19,20,25,26,27,28,
1,13,14,15,16,1,2,3,4,5,6,7,8,21,22,23,24,17,18,19,20,9,10,11,12,25,26,27,28,
1,13,14,15,16,1,2,3,4,5,6,7,8,21,22,23,24,25,26,27,28,9,10,11,12,17,18,19,20,
2,13,14,15,16,1,2,3,4,5,6,7,8,25,26,27,28,
2,13,14,15,16,1,2,3,4,5,6,7,8,25,26,27,28,9,10,11,12,21,22,23,24,17,18,19,20,
1,13,14,15,16,1,2,3,4,5,6,7,8,25,26,27,28,17,18,19,20,9,10,11,12,21,22,23,24,
1,13,14,15,16,1,2,3,4,5,6,7,8,25,26,27,28,21,22,23,24,9,10,11,12,17,18,19,20,
1,13,14,15,16,1,2,3,4,9,10,11,12,5,6,7,8,17,18,19,20,25,26,27,28,21,22,23,24,
1,13,14,15,16,1,2,3,4,9,10,11,12,5,6,7,8,25,26,27,28,21,22,23,24,17,18,19,20,
1,13,14,15,16,1,2,3,4,9,10,11,12,25,26,27,28,17,18,19,20,5,6,7,8,21,22,23,24,
2,13,14,15,16,1,2,3,4,17,18,19,20,
1,13,14,15,16,1,2,3,4,17,18,19,20,5,6,7,8,9,10,11,12,21,22,23,24,25,26,27,28,
2,13,14,15,16,1,2,3,4,21,22,23,24,
1,13,14,15,16,1,2,3,4,21,22,23,24,5,6,7,8,17,18,19,20,9,10,11,12,25,26,27,28,
1,13,14,15,16,1,2,3,4,21,22,23,24,17,18,19,20,5,6,7,8,9,10,11,12,25,26,27,28,
1,13,14,15,16,1,2,3,4,21,22,23,24,25,26,27,28,5,6,7,8,9,10,11,12,
2,13,14,15,16,1,2,3,4,25,26,27,28,
1,13,14,15,16,1,2,3,4,25,26,27,28,5,6,7,8,17,18,19,20,9,10,11,12,21,22,23,24,
1,13,14,15,16,1,2,3,4,25,26,27,28,9,10,11,12,5,6,7,8,21,22,23,24,17,18,19,20,
1,13,14,15,16,1,2,3,4,25,26,27,28,21,22,23,24,5,6,7,8,17,18,19,20,9,10,11,12,
19,13,14,15,16,5,6,7,8,
18,13,14,15,16,5,6,7,8,1,2,3,4,
2,13,14,15,16,5,6,7,8,1,2,3,4,9,10,11,12,17,18,19,20,25,26,27,28,21,22,23,24,
1,13,14,15,16,5,6,7,8,1,2,3,4,9,10,11,12,25,26,27,28,21,22,23,24,17,18,19,20,
1,13,14,15,16,5,6,7,8,1,2,3,4,17,18,19,20,9,10,11,12,21,22,23,24,25,26,27,28,
1,13,14,15,16,5,6,7,8,1,2,3,4,17,18,19,20,21,22,23,24,9,10,11,12,25,26,27,28,
1,13,14,15,16,5,6,7,8,1,2,3,4,17,18,19,20,21,22,23,24,25,26,27,28,9,10,11,12,
1,13,14,15,16,5,6,7,8,1,2,3,4,25,26,27,28,
3,13,14,15,16,5,6,7,8,1,2,3,4,25,26,27,28,9,10,11,12,17,18,19,20,21,22,23,24,
6,13,14,15,16,5,6,7,8,1,2,3,4,25,26,27,28,9,10,11,12,21,22,23,24,17,18,19,20,
2,13,14,15,16,5,6,7,8,1,2,3,4,25,26,27,28,21,22,23,24,9,10,11,12,17,18,19,20,
10,13,14,15,16,5,6,7,8,9,10,11,12,
1,13,14,15,16,5,6,7,8,9,10,11,12,1,2,3,4,25,26,27,28,17,18,19,20,21,22,23,24,
1,13,14,15,16,5,6,7,8,9,10,11,12,1,2,3,4,25,26,27,28,21,22,23,24,17,18,19,20,
1,13,14,15,16,5,6,7,8,9,10,11,12,21,22,23,24,25,26,27,28,17,18,19,20,1,2,3,4,
