29,8,
4,1,
1,1,2,
2076,1,2,3,4,
23,1,2,3,4,5,6,7,8,9,
2,1,2,3,4,5,6,7,8,9,10,11,12,13,14,15,
4,1,2,3,4,5,6,7,8,9,10,11,12,13,14,15,16,17,18,19,20,21,
1,1,2,3,4,5,6,7,8,9,10,11,12,13,14,15,16,17,18,19,20,21,22,23,24,25,
25,1,2,3,4,5,6,7,8,9,10,11,12,13,14,15,16,17,18,19,20,21,22,23,24,25,26,27,28,29,
2,1,2,3,4,5,6,7,8,9,10,11,12,13,14,15,22,23,24,25,16,17,18,19,20,21,26,27,28,29,
2,1,2,3,4,5,6,7,8,9,10,11,12,13,14,15,22,23,24,25,26,27,28,29,16,17,18,19,20,21,
1,1,2,3,4,5,6,7,8,9,16,17,18,19,20,21,
6,1,2,3,4,5,6,7,8,9,16,17,18,19,20,21,10,11,12,13,14,15,22,23,24,25,26,27,28,29,
1,1,2,3,4,5,6,7,8,9,16,17,18,19,20,21,10,11,12,13,14,15,26,27,28,29,22,23,24,25,
1,1,2,3,4,5,6,7,8,9,16,17,18,19,20,21,22,23,24,25,
4,1,2,3,4,5,6,7,8,9,16,17,18,19,20,21,22,23,24,25,10,11,12,13,14,15,26,27,28,29,
18,1,2,3,4,5,6,7,8,9,16,17,18,19,20,21,22,23,24,25,26,27,28,29,10,11,12,13,14,15,
1,1,2,3,4,5,6,7,8,9,16,17,18,19,20,21,26,27,28,29,10,11,12,13,14,15,22,23,24,25,
3,1,2,3,4,5,6,7,8,9,16,17,18,19,20,21,26,27,28,29,22,23,24,25,10,11,12,13,14,15,
2,1,2,3,4,5,6,7,8,9,22,23,24,25,
3,1,2,3,4,5,6,7,8,9,22,23,24,25,10,11,12,13,14,15,26,27,28,29,16,17,18,19,20,21,
2,1,2,3,4,5,6,7,8,9,22,23,24,25,16,17,18,19,20,21,10,11,12,13,14,15,26,27,28,29,
9,1,2,3,4,5,6,7,8,9,22,23,24,25,16,17,18,19,20,21,26,27,28,29,10,11,12,13,14,15,
2,1,2,3,4,5,6,7,8,9,22,23,24,25,26,27,28,29,10,11,12,13,14,15,16,17,18,19,20,21,
8,1,2,3,4,5,6,7,8,9,22,23,24,25,26,27,28,29,16,17,18,19,20,21,10,11,12,13,14,15,
1,1,2,3,4,5,6,7,8,9,26,27,28,29,
1,1,2,3,4,5,6,7,8,9,26,27,28,29,16,17,18,19,20,21,10,11,12,13,14,15,22,23,24,25,
3,1,2,3,4,5,6,7,8,9,26,27,28,29,16,17,18,19,20,21,22,23,24,25,10,11,12,13,14,15,
2,1,2,3,4,5,6,7,8,9,26,27,28,29,22,23,24,25,16,17,18,19,20,21,10,11,12,13,14,15,
1,1,2,3,4,5,6,7,8,9,29,
1,1,2,3,4,5,10,22,18,
1,1,2,3,4,5,16,26,18,
2,1,2,3,4,7,8,9,5,6,
20,1,2,3,4,10,11,12,13,14,15,
5,1,2,3,4,10,11,12,13,14,15,5,6,7,8,9,16,17,18,19,20,21,22,23,24,25,26,27,28,29,
2,1,2,3,4,10,11,12,13,14,15,5,6,7,8,9,16,17,18,19,20,21,26,27,28,29,22,23,24,25,
1,1,2,3,4,10,11,12,13,14,15,5,6,7,8,9,22,23,24,25,16,17,18,19,20,21,26,27,28,29,
4,1,2,3,4,10,11,12,13,14,15,5,6,7,8,9,22,23,24,25,26,27,28,29,16,17,18,19,20,21,
1,1,2,3,4,10,11,12,13,14,15,5,6,7,8,9,26,27,28,29,22,23,24,25,16,17,18,19,20,21,
5,1,2,3,4,10,11,12,13,14,15,16,17,18,19,20,21,5,6,7,8,9,22,23,24,25,26,27,28,29,
3,1,2,3,4,10,11,12,13,14,15,16,17,18,19,20,21,22,23,24,25,5,6,7,8,9,26,27,28,29,
3,1,2,3,4,10,11,12,13,14,15,16,17,18,19,20,21,22,23,24,25,26,27,28,29,5,6,7,8,9,
1,1,2,3,4,10,11,12,13,14,15,16,17,18,19,20,21,26,27,28,29,
4,1,2,3,4,10,11,12,13,14,15,16,17,18,19,20,21,26,27,28,29,22,23,24,25,5,6,7,8,9,
2,1,2,3,4,10,11,12,13,14,15,22,23,24,25,5,6,7,8,9,16,17,18,19,20,21,26,27,28,29,
1,1,2,3,4,10,11,12,13,14,15,22,23,24,25,5,6,7,8,9,26,27,28,29,16,17,18,19,20,21,
1,1,2,3,4,10,11,12,13,14,15,22,23,24,25,16,17,18,19,20,21,26,27,28,29,5,6,7,8,9,
1,1,2,3,4,10,11,12,13,14,15,22,23,24,25,26,27,28,29,16,17,18,19,20,21,5,6,7,8,9,
2,1,2,3,4,10,11,12,13,14,15,26,27,28,29,
2,1,2,3,4,10,11,12,13,14,15,26,27,28,29,5,6,7,8,9,16,17,18,19,20,21,22,23,24,25,
3,1,2,3,4,10,11,12,13,14,15,26,27,28,29,16,17,18,19,20,21,5,6,7,8,9,22,23,24,25,
1,1,2,3,4,10,11,12,13,14,15,26,27,28,29,16,17,18,19,20,21,22,23,24,25,5,6,7,8,9,
2,1,2,3,4,10,11,12,13,14,15,26,27,28,29,22,23,24,25,16,17,18,19,20,21,5,6,7,8,9,
1,1,2,3,4,10,19,25,28,
1,1,2,3,4,16,
1,1,2,3,4,16,5,6,7,8,9,17,18,19,20,21,
1,1,2,3,4,16,17,18,
1953,1,2,3,4,16,17,18,19,20,21,
2,1,2,3,4,16,17,18,19,20,21,5,6,7,8,9,
4,1,2,3,4,16,17,18,19,20,21,5,6,7,8,9,10,11,12,13,14,15,22,23,24,25,26,27,28,29,
3,1,2,3,4,16,17,18,19,20,21,5,6,7,8,9,10,11,12,13,14,15,26,27,28,29,22,23,24,25,
6,1,2,3,4,16,17,18,19,20,21,5,6,7,8,9,22,23,24,25,10,11,12,13,14,15,26,27,28,29,
47,1,2,3,4,16,17,18,19,20,21,5,6,7,8,9,22,23,24,25,26,27,28,29,10,11,12,13,14,15,
1,1,2,3,4,16,17,18,19,20,21,5,6,7,8,9,22,23,24,25,26,27,28,29,15,14,13,12,11,10,
1,1,2,3,4,16,17,18,19,20,21,5,6,7,8,9,26,27,28,29,
1,1,2,3,4,16,17,18,19,20,21,5,6,7,8,9,26,27,28,29,10,11,12,13,14,15,22,23,24,25,
11,1,2,3,4,16,17,18,19,20,21,5,6,7,8,9,26,27,28,29,22,23,24,25,10,11,12,13,14,15,
1,1,2,3,4,16,17,18,19,20,21,10,11,12,13,14,15,
2,1,2,3,4,16,17,18,19,20,21,10,11,12,13,14,15,5,6,7,8,9,22,23,24,25,26,27,28,29,
1,1,2,3,4,16,17,18,19,20,21,10,11,12,13,14,15,5,6,7,8,9,26,27,28,29,22,23,24,25,
1,1,2,3,4,16,17,18,19,20,21,10,11,12,13,14,15,22,23,24,25,26,27,28,29,5,6,7,8,9,
1,1,2,3,4,16,17,18,19,20,21,10,11,12,13,14,15,22,23,26,5,6,7,8,9,24,25,27,
1,1,2,3,4,16,17,18,19,20,21,10,11,12,13,14,15,26,27,28,29,5,6,7,8,9,22,23,24,25,
4,1,2,3,4,16,17,18,19,20,21,22,23,24,25,
1,1,2,3,4,16,17,18,19,20,21,22,23,24,25,5,6,7,8,9,
1,1,2,3,4,16,17,18,19,20,21,22,23,24,25,5,6,7,8,9,10,11,12,13,14,15,
6,1,2,3,4,16,17,18,19,20,21,22,23,24,25,5,6,7,8,9,10,11,12,13,14,15,26,27,28,29,
1,1,2,3,4,16,17,18,19,20,21,22,23,24,25,5,6,7,8,9,26,27,28,29,
26,1,2,3,4,16,17,18,19,20,21,22,23,24,25,5,6,7,8,9,26,27,28,29,10,11,12,13,14,15,
3,1,2,3,4,16,17,18,19,20,21,22,23,24,25,10,11,12,13,14,15,5,6,7,8,9,26,27,28,29,
1,1,2,3,4,16,17,18,19,20,21,22,23,24,25,10,11,12,13,14,15,26,27,28,29,5,6,7,8,9,
1,1,2,3,4,16,17,18,19,20,21,22,23,24,25,26,27,28,29,5,6,7,8,9,
13,1,2,3,4,16,17,18,19,20,21,22,23,24,25,26,27,28,29,5,6,7,8,9,10,11,12,13,14,15,
4,1,2,3,4,16,17,18,19,20,21,22,23,24,25,26,27,28,29,10,11,12,13,14,15,5,6,7,8,9,
1,1,2,3,4,16,17,18,19,20,21,25,24,23,22,9,8,7,6,5,26,27,28,29,15,14,13,12,11,10,
3,1,2,3,4,16,17,18,19,20,21,26,27,28,29,
3,1,2,3,4,16,17,18,19,20,21,26,27,28,29,5,6,7,8,9,10,11,12,13,14,15,22,23,24,25,
19,1,2,3,4,16,17,18,19,20,21,26,27,28,29,5,6,7,8,9,22,23,24,25,10,11,12,13,14,15,
2,1,2,3,4,16,17,18,19,20,21,26,27,28,29,10,11,12,13,14,15,
2,1,2,3,4,16,17,18,19,20,21,26,27,28,29,10,11,12,13,14,15,5,6,7,8,9,22,23,24,25,
1,1,2,3,4,16,17,18,19,20,21,26,27,28,29,10,11,12,13,14,15,22,23,24,25,5,6,7,8,9,
22,1,2,3,4,16,17,18,19,20,21,26,27,28,29,22,23,24,25,5,6,7,8,9,10,11,12,13,14,15,
3,1,2,3,4,16,17,18,19,20,21,26,27,28,29,22,23,24,25,10,11,12,13,14,15,5,6,7,8,9,
1,1,2,3,4,16,17,18,20,21,19,10,26,5,8,13,23,25,6,7,11,12,14,15,22,24,27,29,28,9,
1,1,2,3,4,16,17,18,22,19,20,21,26,10,23,24,25,27,28,29,12,13,14,15,11,5,6,7,8,9,
2,1,2,3,4,16,18,21,17,19,20,22,26,23,24,25,29,28,27,10,11,12,13,14,15,5,6,7,8,9,
1,1,2,3,4,16,22,17,18,19,20,21,23,24,25,
1,1,2,3,4,18,6,8,9,
1,1,2,3,4,18,16,22,
1,1,2,3,4,19,17,20,23,5,6,9,
1,1,2,3,4,20,18,16,5,
1,1,2,3,4,22,
19,1,2,3,4,22,23,24,25,
1,1,2,3,4,22,23,24,25,5,6,7,8,
2,1,2,3,4,22,23,24,25,5,6,7,8,9,10,11,12,13,14,15,16,17,18,19,20,21,26,27,28,29,
1,1,2,3,4,22,23,24,25,5,6,7,8,9,16,17,18,19,20,21,10,11,12,13,14,15,26,27,28,29,
5,1,2,3,4,22,23,24,25,5,6,7,8,9,16,17,18,19,20,21,26,27,28,29,10,11,12,13,14,15,
1,1,2,3,4,22,23,24,25,5,6,7,8,9,26,27,28,29,16,17,18,19,20,21,10,11,12,13,14,15,
2,1,2,3,4,22,23,24,25,10,11,12,13,14,15,5,6,7,8,9,16,17,18,19,20,21,26,27,28,29,
1,1,2,3,4,22,23,24,25,10,11,12,13,14,15,16,17,18,19,20,21,5,6,7,8,9,26,27,28,29,
1,1,2,3,4,22,23,24,25,16,17,18,19,20,21,
2,1,2,3,4,22,23,24,25,16,17,18,19,20,21,5,6,7,8,9,10,11,12,13,14,15,26,27,28,29,
5,1,2,3,4,22,23,24,25,16,17,18,19,20,21,5,6,7,8,9,26,27,28,29,10,11,12,13,14,15,
1,1,2,3,4,22,23,24,25,16,17,18,19,20,21,10,11,12,13,14,15,26,27,28,29,5,6,7,8,9,
3,1,2,3,4,22,23,24,25,16,17,18,19,20,21,26,27,28,29,5,6,7,8,9,10,11,12,13,14,15,
2,1,2,3,4,22,23,24,25,26,27,28,29,5,6,7,8,9,16,17,18,19,20,21,10,11,12,13,14,15,
1,1,2,3,4,22,23,24,25,26,27,28,29,16,17,18,19,20,21,5,6,7,8,9,10,11,12,13,14,15,
2,1,2,3,4,22,23,24,25,26,27,28,29,16,17,18,19,20,21,10,11,12,13,14,15,5,6,7,8,9,
1,1,2,3,4,22,24,25,29,19,17,21,18,
1,1,2,3,4,22,25,24,19,20,18,
1,1,2,3,4,23,24,25,22,
1,1,2,3,4,24,
1,1,2,3,4,26,18,28,17,20,29,16,19,21,27,23,25,22,9,6,
1,1,2,3,4,26,27,5,25,18,29,28,22,8,6,9,23,24,7,16,20,
31,1,2,3,4,26,27,28,29,
1,1,2,3,4,26,27,28,29,5,6,7,8,9,10,11,12,13,14,15,16,17,18,19,20,21,22,23,24,25,
1,1,2,3,4,26,27,28,29,5,6,7,8,9,10,11,12,13,14,15,22,23,24,25,16,17,18,19,20,21,
2,1,2,3,4,26,27,28,29,5,6,7,8,9,16,17,18,19,20,21,
1,1,2,3,4,26,27,28,29,5,6,7,8,9,16,17,18,19,20,21,10,11,12,13,14,15,
2,1,2,3,4,26,27,28,29,5,6,7,8,9,16,17,18,19,20,21,22,23,24,25,10,11,12,13,14,15,
1,1,2,3,4,26,27,28,29,5,6,7,8,9,22,23,24,25,
1,1,2,3,4,26,27,28,29,5,6,7,8,9,22,23,24,25,10,11,12,13,14,15,16,17,18,19,20,21,
3,1,2,3,4,26,27,28,29,5,6,7,8,9,22,23,24,25,16,17,18,19,20,21,10,11,12,13,14,15,
1,1,2,3,4,26,27,28,29,10,11,12,13,14,15,
1,1,2,3,4,26,27,28,29,10,11,12,13,14,15,16,17,18,19,20,21,5,6,7,8,9,22,23,24,25,
1,1,2,3,4,26,27,28,29,10,11,12,13,14,15,16,17,18,19,20,21,22,23,24,25,5,6,7,8,9,
1,1,2,3,4,26,27,28,29,10,11,12,13,14,15,22,23,24,25,16,17,18,19,20,21,5,6,7,8,9,
3,1,2,3,4,26,27,28,29,16,17,18,19,20,21,
1,1,2,3,4,26,27,28,29,16,17,18,19,20,21,5,6,7,8,9,10,11,12,13,14,15,22,23,24,25,
2,1,2,3,4,26,27,28,29,16,17,18,19,20,21,5,6,7,8,9,22,23,24,25,10,11,12,13,14,15,
2,1,2,3,4,26,27,28,29,16,17,18,19,20,21,10,11,12,13,14,15,5,6,7,8,9,22,23,24,25,
2,1,2,3,4,26,27,28,29,16,17,18,19,20,21,10,11,12,13,14,15,22,23,24,25,5,6,7,8,9,
3,1,2,3,4,26,27,28,29,16,17,18,19,20,21,22,23,24,25,5,6,7,8,9,10,11,12,13,14,15,
1,1,2,3,4,26,27,28,29,16,17,18,19,20,21,22,23,24,25,10,11,12,13,14,15,5,6,7,8,9,
1,1,2,3,4,26,27,28,29,22,23,
1,1,2,3,4,26,27,28,29,22,23,24,25,
3,1,2,3,4,26,27,28,29,22,23,24,25,5,6,7,8,9,10,11,12,13,14,15,16,17,18,19,20,21,
1,1,2,3,4,26,27,28,29,22,23,24,25,5,6,7,8,9,16,17,18,19,20,21,10,11,12,13,14,15,
3,1,2,3,4,26,27,28,29,22,23,24,25,16,17,18,19,20,21,
6,1,2,3,4,26,27,28,29,22,23,24,25,16,17,18,19,20,21,5,6,7,8,9,10,11,12,13,14,15,
1,1,2,3,4,26,27,28,29,22,23,24,25,16,17,18,19,20,21,10,11,12,13,14,15,5,6,7,8,9,
1,1,2,3,4,28,
1,1,2,3,4,29,26,27,28,
1,1,2,3,16,17,19,18,4,20,21,22,
1,1,2,3,18,22,12,26,16,17,19,20,21,
1,1,2,3,18,26,22,12,27,23,16,17,19,5,6,7,20,21,28,29,24,25,
1,1,2,3,24,4,17,18,22,21,19,20,25,23,5,9,8,7,6,16,26,27,28,29,10,11,12,13,14,15,
1,1,2,3,26,5,6,8,27,
1,1,2,3,26,27,5,6,8,
11,1,2,4,3,
1,1,2,4,3,9,
1,1,2,4,3,18,16,17,20,21,19,27,29,28,26,6,7,8,9,5,25,22,23,24,10,11,13,14,15,12,
1,1,2,4,16,
1,1,2,5,6,10,11,26,27,28,4,
1,1,2,5,22,16,9,12,26,
1,1,2,11,12,
1,1,2,16,
1,1,2,16,3,20,18,17,19,21,4,24,11,10,22,5,25,23,6,7,8,9,12,13,14,15,26,27,28,29,
1,1,2,16,17,5,6,7,8,9,3,4,18,19,20,21,26,27,28,29,10,23,24,25,22,11,12,13,14,15,
1,1,2,16,17,18,
1,1,2,16,17,22,26,3,4,
1,1,2,16,17,26,3,4,10,18,19,20,21,5,6,7,8,9,27,28,29,22,23,24,25,11,12,13,14,15,
1,1,2,16,18,3,4,
1,1,2,16,22,4,
1,1,2,16,22,26,
1,1,2,16,22,26,5,
1,1,2,18,16,3,
1,1,2,18,26,
1,1,2,22,3,4,16,17,18,19,20,21,23,24,25,5,6,7,8,9,26,27,28,29,10,11,12,13,14,15,
1,1,2,22,3,16,26,
1,1,2,26,16,
1,1,2,26,16,22,4,24,27,3,23,28,17,18,19,20,25,29,21,10,11,12,13,14,15,5,6,7,8,9,
1,1,2,26,27,5,6,10,
30,1,3,2,4,
1,1,3,2,4,5,16,17,18,19,20,21,6,7,8,9,22,23,24,25,26,27,28,29,10,11,12,13,14,15,
1,1,3,2,4,16,5,22,26,6,17,
1,1,3,2,4,22,26,16,17,
1,1,3,2,10,18,16,27,22,
1,1,3,2,16,27,17,10,5,22,26,4,23,24,25,28,29,13,18,19,20,21,6,7,8,9,11,12,14,15,
9,1,3,4,2,
1,1,3,4,2,5,6,7,8,9,22,23,24,25,16,17,18,19,20,21,26,27,28,29,10,11,12,13,14,15,
1,1,3,4,2,5,8,9,6,7,16,17,18,19,20,21,25,24,23,22,26,27,28,29,15,14,13,12,11,10,
1,1,3,4,2,16,17,21,19,18,20,22,24,23,25,29,27,28,26,8,7,9,5,6,15,14,13,12,11,10,
1,1,3,5,8,16,18,
1,1,3,5,8,22,
1,1,3,9,10,
1,1,3,10,26,
1,1,3,13,5,26,
1,1,3,16,26,
1,1,3,17,10,
1,1,3,18,26,27,28,29,24,
1,1,3,22,26,2,28,27,10,24,16,
1,1,3,27,2,4,
1,1,4,
12,1,4,2,3,
1,1,4,2,3,22,23,24,25,5,6,7,8,9,16,17,18,19,20,21,26,27,28,29,15,14,13,12,11,10,
12,1,4,3,2,
1,1,4,3,2,16,21,20,19,18,
1,1,4,9,24,
1,1,4,9,26,24,17,11,
1,1,4,16,17,2,10,22,26,3,18,19,20,21,27,28,29,12,13,14,15,11,23,24,25,5,6,7,8,9,
1,1,4,26,27,29,24,18,19,20,2,3,16,17,21,22,23,25,28,5,6,7,8,9,10,11,12,13,14,15,
1,1,5,3,16,2,10,22,18,26,
1,1,5,7,4,
1,1,5,9,22,
2,1,5,10,16,
1,1,5,10,16,22,26,17,18,19,20,21,2,3,4,23,24,25,6,7,8,9,27,28,29,
1,1,5,10,26,2,3,4,
1,1,5,13,25,
1,1,5,16,10,
1,1,5,16,17,
1,1,5,16,22,
1,1,5,17,22,26,27,28,2,3,4,6,16,18,19,29,23,24,25,20,21,7,8,9,10,11,12,13,14,15,
1,1,5,17,25,
1,1,5,22,6,7,
1,1,5,22,17,4,
1,1,5,26,10,
1,1,5,27,2,16,26,22,
1,1,6,11,17,25,
1,1,6,12,17,27,23,
1,1,6,13,19,
1,1,6,16,19,
1,1,7,5,3,
1,1,8,12,26,
1,1,9,5,4,11,
1,1,9,18,25,27,
1,1,10,4,16,8,6,24,
1,1,10,11,26,16,20,22,29,27,23,24,2,3,4,14,21,28,5,6,7,8,9,12,13,15,17,18,19,25,
2,1,10,16,22,
1,1,10,16,22,26,4,
1,1,10,16,26,
1,1,10,26,2,
1,1,10,26,16,
1,1,10,26,22,29,
1,1,14,26,7,
1,1,14,26,23,
2,1,16,2,3,
1,1,16,2,3,4,5,6,7,8,9,10,11,12,13,14,15,17,18,19,20,21,22,23,24,25,26,27,28,29,
1,1,16,2,3,4,17,18,19,
1,1,16,2,3,4,17,18,19,20,21,5,6,7,8,9,22,23,24,25,28,27,29,26,15,14,13,12,11,10,
1,1,16,2,3,4,27,22,17,18,19,
1,1,16,2,3,17,18,22,26,
1,1,16,2,5,6,7,3,4,8,26,
1,1,16,2,10,
1,1,16,2,17,3,18,4,19,20,21,
1,1,16,2,17,3,18,19,20,21,22,6,7,4,8,9,23,24,25,26,27,28,29,5,10,11,12,13,14,15,
1,1,16,2,18,
1,1,16,3,4,
1,1,16,4,6,29,
1,1,16,4,18,
1,1,16,5,4,
1,1,16,5,10,
2,1,16,5,22,
1,1,16,5,22,26,10,
1,1,16,8,29,
1,1,16,17,10,
1,1,16,17,19,5,2,3,4,22,26,10,11,14,18,20,21,24,25,23,8,6,7,9,27,28,29,15,13,12,
1,1,16,18,2,3,4,17,19,
1,1,16,18,3,
1,1,16,18,20,17,
1,1,16,21,19,2,3,4,17,18,20,
1,1,16,22,5,10,26,
1,1,16,22,5,17,18,27,20,
1,1,16,22,5,27,2,3,4,17,18,28,19,20,12,21,29,23,24,25,6,7,8,9,15,11,10,13,14,26,
1,1,16,22,5,27,17,18,20,
1,1,16,22,18,
2,1,16,22,26,
1,1,16,22,26,5,4,17,18,19,20,21,23,24,25,27,28,29,2,3,6,7,8,9,
1,1,16,26,2,3,4,5,22,25,
1,1,16,26,2,3,4,17,18,5,6,19,20,21,22,23,24,25,7,8,9,27,28,29,10,11,12,13,14,15,
1,1,16,26,2,3,4,17,18,19,20,21,27,28,29,22,23,24,25,5,6,7,8,9,10,11,12,13,14,15,
1,1,16,26,2,4,3,17,18,5,6,19,20,21,22,23,24,25,7,8,9,27,28,29,15,14,13,12,11,10,
1,1,16,26,5,
1,1,16,26,22,
1,1,16,26,22,5,
1,1,16,26,22,5,10,
1,1,17,5,16,
1,1,17,10,3,22,26,2,16,27,28,18,19,4,29,23,24,25,20,21,5,6,7,8,
1,1,18,3,2,4,
1,1,18,3,4,
1,1,18,20,16,
1,1,18,26,5,11,22,
1,1,18,26,24,25,9,3,17,
1,1,21,7,6,
1,1,21,9,7,17,6,29,4,
1,1,22,
1,1,22,2,3,4,5,6,7,8,9,23,24,25,16,17,18,19,20,21,26,27,28,29,10,11,12,13,14,15,
1,1,22,2,3,16,23,24,25,29,28,27,26,21,20,19,18,17,9,8,7,6,5,15,14,13,12,11,10,4,
2,1,22,2,3,18,4,23,24,25,16,17,19,20,21,29,28,27,26,15,14,13,12,11,9,8,7,6,5,10,
1,1,22,5,10,26,20,11,23,6,7,8,9,24,25,2,3,4,12,13,14,15,27,28,29,16,17,18,19,21,
1,1,22,5,28,29,
1,1,22,10,2,3,4,23,12,
2,1,22,10,16,
1,1,22,10,26,
1,1,22,16,4,
1,1,22,23,24,25,2,3,4,26,27,28,29,16,17,18,19,20,21,5,6,7,8,9,10,11,12,13,14,15,
1,1,22,24,26,11,13,27,
1,1,22,26,2,3,4,27,28,
1,1,22,26,10,5,
1,1,22,26,11,16,5,2,3,4,23,24,25,27,28,29,6,7,8,9,17,10,12,13,14,15,18,19,20,21,
1,1,24,2,22,
1,1,25,10,29,15,
1,1,26,3,4,
1,1,26,8,23,
1,1,26,10,16,2,27,28,3,11,4,
1,1,26,10,27,2,5,16,22,20,28,3,17,
1,1,26,10,27,2,5,16,22,20,28,3,17,29,6,4,8,18,19,21,23,24,25,7,9,11,12,13,14,15,
1,1,26,16,4,22,27,29,
1,1,26,16,11,10,2,27,3,4,5,6,7,8,9,24,25,18,20,28,17,29,21,19,23,22,12,13,14,15,
1,1,26,22,3,
1,1,26,22,10,
1,1,26,22,12,2,3,4,5,6,7,8,9,23,24,25,27,28,29,16,17,18,19,20,21,13,14,15,10,11,
1,1,26,22,27,5,3,7,16,10,28,29,23,24,25,2,4,11,6,8,9,17,18,19,20,21,12,13,14,15,
1,1,27,2,3,20,26,18,10,4,5,6,7,8,9,11,12,13,14,15,16,17,19,21,22,23,24,25,28,29,
1,1,27,18,13,
1,1,27,26,28,
8,2,1,3,4,
1,2,1,4,3,
1,2,1,7,9,29,22,21,
1,2,1,16,27,
1,2,3,1,13,16,26,
2,2,3,4,1,
1,2,3,4,18,19,20,21,1,
1,2,3,5,10,22,1,12,25,15,
1,2,4,3,
1,2,4,3,1,22,23,24,25,
1,2,4,5,7,9,1,6,3,24,23,22,26,25,21,20,18,16,8,10,15,13,11,12,14,27,28,29,
1,2,4,20,19,21,17,22,23,24,25,26,29,16,18,
1,2,6,11,17,
1,2,7,10,5,1,26,
1,2,8,11,18,24,26,
1,2,10,5,17,
1,2,10,6,18,
1,2,10,25,18,7,29,
1,2,18,1,23,
1,2,18,5,16,19,22,
1,2,18,16,3,
1,2,18,22,5,10,13,16,24,23,6,7,8,9,11,12,14,15,17,19,20,21,29,
1,2,19,18,1,13,
1,2,26,22,16,1,3,4,
2,3,1,2,4,
1,3,1,2,16,4,
1,3,1,16,22,26,27,25,10,13,2,4,28,29,23,24,17,18,19,20,21,5,6,7,8,9,11,12,14,15,
1,3,1,16,29,2,4,
2,3,2,1,4,
1,3,2,1,4,18,16,17,19,20,21,
1,3,2,1,16,
1,3,2,1,16,18,22,26,
1,3,2,4,1,
1,3,2,16,18,1,22,
1,3,2,16,18,1,22,26,
1,3,9,10,19,23,
1,3,16,1,2,4,
1,3,16,1,18,2,4,17,19,20,21,
2,3,16,17,27,26,1,2,
1,3,22,23,24,25,
1,3,24,5,10,
1,4,1,2,3,
1,4,1,3,2,
1,4,1,3,2,26,27,28,29,
1,4,3,1,2,
2,4,3,2,1,
1,4,3,2,1,9,8,7,6,5,16,17,18,19,20,21,22,23,24,25,10,11,12,13,
1,4,15,14,29,
1,4,20,1,2,
1,4,28,26,27,29,10,11,12,13,14,15,
1,5,
1,5,1,2,16,22,6,7,10,11,3,17,4,
1,5,1,3,9,
1,5,1,16,18,
1,5,1,16,26,29,22,11,3,
1,5,2,3,8,23,24,
1,5,2,16,18,22,1,25,24,23,3,4,6,7,8,9,17,19,20,21,29,28,27,26,15,14,13,12,11,10,
1,5,6,2,12,10,1,3,14,11,
3,5,6,7,8,
494,5,6,7,8,9,
4,5,6,7,8,9,1,2,3,4,
1,5,6,7,8,9,1,2,3,4,10,11,12,13,14,15,16,17,18,19,20,21,
1,5,6,7,8,9,1,2,3,4,10,11,12,13,14,15,16,17,18,19,20,21,22,23,24,25,26,27,28,29,
1,5,6,7,8,9,1,2,3,4,10,11,12,13,14,15,16,17,18,19,20,21,26,27,28,29,22,23,24,25,
1,5,6,7,8,9,1,2,3,4,10,11,12,13,14,15,22,23,24,25,26,27,28,29,16,17,18,19,20,21,
1,5,6,7,8,9,1,2,3,4,10,11,12,13,14,15,26,27,28,29,22,23,24,25,16,17,18,19,20,21,
1,5,6,7,8,9,1,2,3,4,16,17,18,19,20,21,
2,5,6,7,8,9,1,2,3,4,16,17,18,19,20,21,10,11,12,13,14,15,22,23,24,25,26,27,28,29,
1,5,6,7,8,9,1,2,3,4,16,17,18,19,20,21,22,23,24,25,
2,5,6,7,8,9,1,2,3,4,16,17,18,19,20,21,22,23,24,25,10,11,12,13,14,15,26,27,28,29,
6,5,6,7,8,9,1,2,3,4,16,17,18,19,20,21,22,23,24,25,26,27,28,29,10,11,12,13,14,15,
2,5,6,7,8,9,1,2,3,4,16,17,18,19,20,21,26,27,28,29,22,23,24,25,10,11,12,13,14,15,
1,5,6,7,8,9,1,2,3,4,22,23,24,25,
1,5,6,7,8,9,1,2,3,4,22,23,24,25,16,17,18,19,20,21,10,11,12,13,14,15,26,27,28,29,
1,5,6,7,8,9,1,2,3,4,22,23,24,25,16,17,18,19,20,21,26,27,28,29,
1,5,6,7,8,9,1,2,3,4,22,23,24,25,16,17,18,19,20,21,26,27,28,29,10,11,12,13,14,15,
1,5,6,7,8,9,1,2,3,4,22,23,24,25,26,27,28,29,
3,5,6,7,8,9,1,2,3,4,22,23,24,25,26,27,28,29,16,17,18,19,20,21,10,11,12,13,14,15,
1,5,6,7,8,9,1,2,3,4,26,27,28,29,10,11,12,13,14,15,16,17,18,19,20,21,
1,5,6,7,8,9,1,2,3,4,26,27,28,29,16,17,18,19,20,21,22,23,24,25,10,11,12,13,14,15,
3,5,6,7,8,9,1,2,3,4,26,27,28,29,22,23,24,25,16,17,18,19,20,21,10,11,12,13,14,15,
35,5,6,7,8,9,10,11,12,13,14,15,
3,5,6,7,8,9,10,11,12,13,14,15,16,17,18,19,20,21,
1,5,6,7,8,9,10,11,12,13,14,15,16,17,18,19,20,21,1,2,3,4,22,23,24,25,26,27,28,29,
3,5,6,7,8,9,10,11,12,13,14,15,16,17,18,19,20,21,22,23,24,25,1,2,3,4,26,27,28,29,
6,5,6,7,8,9,10,11,12,13,14,15,16,17,18,19,20,21,22,23,24,25,26,27,28,29,1,2,3,4,
2,5,6,7,8,9,10,11,12,13,14,15,16,17,18,19,20,21,26,27,28,29,1,2,3,4,22,23,24,25,
3,5,6,7,8,9,10,11,12,13,14,15,16,17,18,19,20,21,26,27,28,29,22,23,24,25,1,2,3,4,
1,5,6,7,8,9,10,11,12,13,14,15,16,22,17,23,18,24,19,25,20,21,
1,5,6,7,8,9,10,11,12,13,14,15,22,23,24,25,
1,5,6,7,8,9,10,11,12,13,14,15,22,23,24,25,1,2,3,4,16,17,18,19,20,21,26,27,28,29,
1,5,6,7,8,9,10,11,12,13,14,15,22,23,24,25,1,2,3,4,26,27,28,29,16,17,18,19,20,21,
1,5,6,7,8,9,10,11,12,13,14,15,22,23,24,25,16,17,18,19,20,21,
2,5,6,7,8,9,10,11,12,13,14,15,22,23,24,25,16,17,18,19,20,21,1,2,3,4,26,27,28,29,
5,5,6,7,8,9,10,11,12,13,14,15,22,23,24,25,16,17,18,19,20,21,26,27,28,29,1,2,3,4,
2,5,6,7,8,9,10,11,12,13,14,15,22,23,24,25,26,27,28,29,
2,5,6,7,8,9,10,11,12,13,14,15,22,23,24,25,26,27,28,29,1,2,3,4,
174,5,6,7,8,9,10,11,12,13,14,15,22,23,24,25,26,27,28,29,1,2,3,4,16,17,18,19,20,21,
19,5,6,7,8,9,10,11,12,13,14,15,22,23,24,25,26,27,28,29,16,17,18,19,20,21,1,2,3,4,
1,5,6,7,8,9,10,11,12,13,14,15,22,23,24,25,26,27,28,29,21,20,19,18,17,4,3,2,1,16,
8,5,6,7,8,9,10,11,12,13,14,15,26,27,28,29,
1,5,6,7,8,9,10,11,12,13,14,15,26,27,28,29,1,2,3,4,16,17,18,19,20,21,22,23,24,25,
4,5,6,7,8,9,10,11,12,13,14,15,26,27,28,29,1,2,3,4,22,23,24,25,16,17,18,19,20,21,
1,5,6,7,8,9,10,11,12,13,14,15,26,27,28,29,16,17,18,19,20,21,
2,5,6,7,8,9,10,11,12,13,14,15,26,27,28,29,16,17,18,19,20,21,1,2,3,4,22,23,24,25,
5,5,6,7,8,9,10,11,12,13,14,15,26,27,28,29,16,17,18,19,20,21,22,23,24,25,1,2,3,4,
4,5,6,7,8,9,10,11,12,13,14,15,26,27,28,29,22,23,24,25,
6,5,6,7,8,9,10,11,12,13,14,15,26,27,28,29,22,23,24,25,1,2,3,4,16,17,18,19,20,21,
5,5,6,7,8,9,10,11,12,13,14,15,26,27,28,29,22,23,24,25,16,17,18,19,20,21,1,2,3,4,
1,5,6,7,8,9,10,11,12,13,14,15,26,27,28,29,22,23,24,25,21,20,19,18,4,3,17,16,2,1,
1,5,6,7,8,9,10,11,12,13,14,15,26,27,28,29,22,23,24,25,21,20,19,18,17,4,3,2,16,1,
1,5,6,7,8,9,10,11,12,13,14,15,29,22,23,24,25,26,27,28,16,17,18,19,20,21,1,2,3,4,
1,5,6,7,8,9,10,11,22,23,26,
6,5,6,7,8,9,16,17,18,19,20,21,
1,5,6,7,8,9,16,17,18,19,20,21,1,2,3,4,10,11,12,13,14,15,22,23,24,25,26,27,28,29,
1,5,6,7,8,9,16,17,18,19,20,21,1,2,3,4,22,23,24,25,10,11,12,13,14,15,26,27,28,29,
1,5,6,7,8,9,16,17,18,19,20,21,1,2,3,4,22,23,24,25,26,27,28,29,10,11,12,13,14,15,
2,5,6,7,8,9,16,17,18,19,20,21,10,11,12,13,14,15,1,2,3,4,22,23,24,25,26,27,28,29,
1,5,6,7,8,9,16,17,18,19,20,21,10,11,12,13,14,15,22,23,24,25,
2,5,6,7,8,9,16,17,18,19,20,21,10,11,12,13,14,15,22,23,24,25,26,27,28,29,1,2,3,4,
1,5,6,7,8,9,16,17,18,19,20,21,10,11,12,13,14,15,26,27,28,29,
2,5,6,7,8,9,16,17,18,19,20,21,10,11,12,13,14,15,26,27,28,29,1,2,3,4,22,23,24,25,
2,5,6,7,8,9,16,17,18,19,20,21,22,23,24,25,
1,5,6,7,8,9,16,17,18,19,20,21,22,23,24,25,1,2,3,4,
2,5,6,7,8,9,16,17,18,19,20,21,22,23,24,25,1,2,3,4,10,11,12,13,14,15,26,27,28,29,
2,5,6,7,8,9,16,17,18,19,20,21,22,23,24,25,1,2,3,4,26,27,28,29,10,11,12,13,14,15,
2,5,6,7,8,9,16,17,18,19,20,21,22,23,24,25,10,11,12,13,14,15,1,2,3,4,26,27,28,29,
3,5,6,7,8,9,16,17,18,19,20,21,22,23,24,25,26,27,28,29,1,2,3,4,10,11,12,13,14,15,
1,5,6,7,8,9,16,17,18,19,20,21,26,27,28,29,1,2,3,4,10,11,12,13,14,15,22,23,24,25,
1,5,6,7,8,9,16,17,18,19,20,21,26,27,28,29,1,2,3,4,22,23,24,25,10,11,12,13,14,15,
1,5,6,7,8,9,16,17,18,20,19,21,10,11,12,13,14,15,26,27,28,29,22,23,24,25,1,2,4,3,
7,5,6,7,8,9,22,23,24,25,
1,5,6,7,8,9,22,23,24,25,1,2,3,4,
1,5,6,7,8,9,22,23,24,25,1,2,3,4,10,11,12,13,14,15,16,17,18,19,20,21,26,27,28,29,
1,5,6,7,8,9,22,23,24,25,1,2,3,4,26,27,28,29,
1,5,6,7,8,9,22,23,24,25,1,2,3,4,26,27,28,29,10,11,12,13,14,15,16,17,18,19,20,21,
1,5,6,7,8,9,22,23,24,25,1,2,3,4,26,27,28,29,16,17,18,19,20,21,10,11,12,13,14,15,
1,5,6,7,8,9,22,23,24,25,10,11,12,13,14,15,
2,5,6,7,8,9,22,23,24,25,10,11,12,13,14,15,16,17,18,19,20,21,1,2,3,4,26,27,28,29,
4,5,6,7,8,9,22,23,24,25,10,11,12,13,14,15,26,27,28,29,1,2,3,4,16,17,18,19,20,21,
5,5,6,7,8,9,22,23,24,25,10,11,12,13,14,15,26,27,28,29,16,17,18,19,20,21,1,2,3,4,
1,5,6,7,8,9,22,23,24,25,10,11,12,13,14,15,26,27,28,29,16,17,18,19,20,21,4,3,2,1,
1,5,6,7,8,9,22,23,24,25,10,11,27,12,28,13,29,14,26,15,1,2,17,21,18,3,4,19,16,20,
2,5,6,7,8,9,22,23,24,25,16,17,18,19,20,21,1,2,3,4,26,27,28,29,10,11,12,13,14,15,
2,5,6,7,8,9,22,23,24,25,16,17,18,19,20,21,1,2,3,4,26,27,28,29,15,14,13,12,11,10,
1,5,6,7,8,9,22,23,24,25,16,17,18,19,20,21,10,11,12,13,14,15,1,2,3,4,
1,5,6,7,8,9,22,23,24,25,16,17,18,19,20,21,10,11,12,13,14,15,26,27,28,29,1,2,3,4,
1,5,6,7,8,9,22,23,24,25,16,17,18,19,20,21,26,27,28,29,10,11,12,13,14,15,1,2,3,4,
2,5,6,7,8,9,22,23,24,25,26,27,28,29,
1,5,6,7,8,9,22,23,24,25,26,27,28,29,10,11,12,13,14,15,1,2,3,4,16,17,18,19,20,21,
6,5,6,7,8,9,22,23,24,25,26,27,28,29,10,11,12,13,14,15,16,17,18,19,20,21,1,2,3,4,
1,5,6,7,8,9,22,23,24,25,26,27,28,29,16,17,18,19,20,21,1,2,3,4,10,11,12,13,14,15,
3,5,6,7,8,9,22,23,24,25,26,27,28,29,16,17,18,19,20,21,10,11,12,13,14,15,1,2,3,4,
1,5,6,7,8,9,22,25,24,23,26,28,27,29,21,10,11,12,13,14,15,1,2,3,4,17,16,18,19,20,
2,5,6,7,8,9,26,27,28,29,
1,5,6,7,8,9,26,27,28,29,1,2,3,4,10,11,12,13,14,15,16,17,18,19,20,21,22,23,24,25,
1,5,6,7,8,9,26,27,28,29,1,2,3,4,10,11,12,13,14,15,22,23,24,25,16,17,18,19,20,21,
1,5,6,7,8,9,26,27,28,29,1,2,3,4,22,23,24,25,10,11,12,13,14,15,16,17,18,19,20,21,
1,5,6,7,8,9,26,27,28,29,10,11,12,13,14,15,
2,5,6,7,8,9,26,27,28,29,10,11,12,13,14,15,16,17,18,19,20,21,22,23,24,25,1,2,3,4,
2,5,6,7,8,9,26,27,28,29,10,11,12,13,14,15,22,23,24,25,16,17,18,19,20,21,1,2,3,4,
1,5,6,7,8,9,26,27,28,29,16,17,18,19,20,21,1,2,3,4,10,11,12,13,14,15,22,23,24,25,
1,5,6,7,8,9,26,27,28,29,16,17,18,19,20,21,22,23,24,25,10,11,12,13,14,15,1,2,3,4,
1,5,6,7,8,9,26,27,28,29,22,23,24,25,10,11,12,13,14,15,
1,5,6,7,8,9,26,27,28,29,22,23,24,25,10,11,12,13,14,15,16,17,18,19,20,21,1,2,3,4,
1,5,6,7,8,9,26,27,28,29,22,23,24,25,15,14,13,21,16,10,4,3,2,1,20,19,18,17,12,11,
2,5,6,7,8,9,26,27,28,29,22,23,24,25,16,17,18,19,20,21,1,2,3,4,10,11,12,13,14,15,
1,5,6,7,8,9,26,27,28,29,22,23,24,25,16,17,18,19,20,21,10,11,12,13,14,15,1,2,3,4,
1,5,6,7,9,8,
1,5,6,7,10,12,29,15,11,
1,5,6,7,26,18,12,10,27,8,11,
1,5,6,9,7,8,
1,5,6,9,7,8,22,23,24,25,26,10,1,16,27,17,11,2,3,12,18,28,29,19,13,4,14,20,15,21,
1,5,6,9,13,21,18,10,1,7,12,24,8,15,14,11,16,17,20,19,4,3,2,22,25,23,29,27,26,28,
1,5,6,10,11,12,13,14,15,
1,5,6,10,11,12,13,14,15,7,8,9,22,23,24,25,26,27,28,29,16,17,18,19,20,21,1,2,3,4,
1,5,6,10,11,12,13,22,23,14,15,24,25,26,27,28,29,7,8,9,21,20,19,18,17,16,4,3,1,2,
1,5,6,10,11,22,26,7,8,9,12,13,14,15,23,24,25,27,28,29,21,20,19,18,17,16,4,3,1,2,
1,5,6,10,12,7,8,9,11,13,14,15,26,27,28,29,
1,5,6,10,22,11,26,7,8,9,12,13,14,15,23,27,24,28,25,29,20,21,4,19,3,18,17,1,16,2,
1,5,6,10,22,11,26,7,9,
1,5,6,10,22,26,8,14,13,11,27,
1,5,6,12,10,26,23,11,13,
1,5,6,14,15,
1,5,6,22,10,11,7,8,9,23,24,12,13,14,15,16,17,18,19,20,21,25,26,27,28,29,1,2,3,
1,5,6,22,12,8,7,18,16,23,24,25,26,27,28,29,9,10,11,13,14,15,1,2,3,4,19,20,21,
1,5,6,22,16,23,9,8,7,17,18,19,20,21,24,25,10,11,12,13,14,15,26,27,28,29,1,2,3,4,
1,5,6,22,26,7,8,9,10,11,12,13,14,15,23,24,25,16,17,18,19,20,21,1,2,
1,5,6,23,22,
1,5,6,26,10,11,12,22,27,7,8,9,28,29,23,24,25,13,14,15,16,17,18,19,20,21,1,2,3,4,
1,5,6,26,10,22,12,28,9,7,8,27,11,29,13,25,23,24,14,15,1,4,16,18,3,21,17,19,20,2,
1,5,6,26,16,22,
1,5,7,6,8,
1,5,7,6,26,
1,5,7,8,9,6,
1,5,7,8,9,10,26,27,28,29,22,23,24,25,11,12,13,14,15,6,21,20,19,18,17,16,4,3,2,1,
2,5,7,9,6,8,
1,5,7,10,18,11,6,8,9,16,
1,5,7,11,9,
1,5,8,6,9,7,
1,5,9,6,7,8,22,15,28,26,27,29,23,24,25,
1,5,9,7,6,8,
1,5,9,7,8,6,
1,5,9,7,8,6,10,14,15,16,17,24,29,27,26,28,25,23,22,12,18,19,20,21,3,4,2,13,11,1,
1,5,9,8,7,6,
1,5,9,10,11,12,13,14,15,
1,5,10,1,16,
1,5,10,1,26,6,7,8,9,4,22,11,27,12,13,14,15,28,29,2,3,16,17,18,19,20,21,23,24,25,
1,5,10,1,27,11,13,3,12,
1,5,10,6,7,22,23,24,25,16,17,18,19,20,21,1,2,3,4,8,9,11,12,13,14,15,26,27,28,29,
1,5,10,6,11,
1,5,10,6,11,7,8,9,20,16,17,22,23,12,13,14,15,24,25,18,19,21,26,27,28,29,1,3,4,2,
1,5,10,6,11,17,12,19,13,22,14,23,15,16,26,27,24,18,20,7,8,9,1,2,25,28,29,21,3,4,
1,5,10,6,11,22,12,7,13,14,26,15,8,9,23,20,27,28,29,17,24,25,16,18,19,21,1,2,3,4,
1,5,10,6,11,22,20,9,
1,5,10,9,26,7,6,8,13,
1,5,10,11,6,
1,5,10,11,6,7,8,9,12,14,15,13,16,17,18,19,20,21,22,23,24,25,26,27,28,29,4,3,2,1,
2,5,10,11,12,13,14,15,
1,5,10,11,12,13,14,15,6,7,8,9,1,22,23,24,25,2,3,4,16,17,18,19,20,21,26,27,28,29,
1,5,10,11,12,13,14,15,26,
1,5,10,11,12,13,26,14,15,22,6,7,8,9,23,24,25,
1,5,10,11,22,
1,5,10,12,
1,5,10,12,6,13,
1,5,10,12,15,13,22,11,8,14,6,7,9,26,29,16,17,18,19,20,27,28,23,24,25,21,4,3,2,1,
1,5,10,12,15,26,22,6,7,8,9,27,28,29,13,14,11,23,24,25,3,21,20,19,18,17,16,1,2,4,
1,5,10,13,7,11,14,6,22,25,26,12,15,9,23,24,27,28,29,21,20,19,18,17,4,3,2,16,1,8,
1,5,10,13,16,20,18,11,12,
1,5,10,13,29,25,22,15,12,6,7,8,9,23,24,26,27,28,16,17,18,19,20,21,14,11,1,4,2,3,
1,5,10,16,11,12,25,
1,5,10,16,22,6,11,17,23,
1,5,10,16,22,26,
1,5,10,16,22,26,1,
1,5,10,16,22,26,11,17,13,12,6,7,25,14,15,23,24,27,28,29,18,19,20,1,2,21,8,9,4,3,
2,5,10,16,26,
1,5,10,22,1,16,11,7,13,
1,5,10,22,6,7,9,8,26,11,24,12,13,14,15,23,25,27,28,29,16,17,18,19,20,21,1,2,3,4,
1,5,10,22,6,11,7,8,9,24,25,12,13,14,15,23,26,28,27,29,21,20,19,18,17,3,4,2,16,1,
1,5,10,22,6,11,7,8,9,24,25,12,13,14,15,23,26,28,29,27,21,20,19,18,17,3,4,2,16,1,
1,5,10,22,11,12,
1,5,10,22,12,
1,5,10,22,13,
1,5,10,22,16,9,
1,5,10,22,16,11,6,12,13,14,15,7,8,9,23,24,25,17,18,19,20,21,4,3,2,1,29,28,27,26,
2,5,10,22,26,
1,5,10,22,26,1,16,
1,5,10,22,26,1,16,11,12,13,29,25,15,27,28,14,6,7,9,8,23,24,17,21,19,2,20,18,3,4,
1,5,10,22,26,29,28,27,15,14,13,12,9,8,7,6,25,24,23,11,4,3,2,1,21,19,17,18,20,16,
1,5,10,23,12,6,
1,5,10,25,7,11,12,13,15,14,
1,5,10,25,11,12,13,14,15,
1,5,10,25,26,
2,5,10,26,16,
1,5,10,26,22,
1,5,10,26,22,6,11,27,23,16,
1,5,11,6,10,27,26,7,8,9,12,15,14,13,28,29,16,19,18,17,20,21,23,22,24,25,1,2,3,4,
1,5,11,18,10,
1,5,11,21,9,8,7,6,10,12,13,14,15,16,20,
1,5,11,25,10,12,13,14,15,6,7,8,9,24,23,22,16,17,18,19,20,21,29,28,27,26,4,3,2,1,
1,5,12,16,22,1,9,10,26,27,11,2,
1,5,12,22,26,
1,5,13,10,11,7,26,22,25,14,6,8,9,15,12,27,28,29,23,24,16,17,18,19,20,21,1,3,4,2,
1,5,14,7,8,
1,5,15,14,13,12,11,6,7,8,9,22,
1,5,16,1,22,26,10,2,3,4,6,7,8,9,17,18,19,20,21,23,24,25,27,28,29,11,12,13,14,15,
1,5,16,7,22,26,10,1,12,18,28,27,29,6,8,9,2,3,4,11,13,14,15,
1,5,16,10,18,19,21,20,17,11,12,13,14,15,
1,5,16,22,10,26,28,11,6,7,18,21,13,9,8,17,23,19,20,12,14,15,24,25,27,29,1,2,3,4,
1,5,17,22,29,1,10,16,26,6,11,18,23,27,2,12,19,28,24,3,7,13,20,25,14,8,4,15,21,9,
1,5,18,17,6,26,27,
1,5,18,19,16,
1,5,18,22,27,3,4,2,1,6,7,8,9,26,28,29,23,24,25,16,17,19,20,21,10,11,12,13,14,15,
1,5,18,26,27,28,
1,5,21,19,10,11,2,22,26,13,14,15,1,16,12,
1,5,22,1,10,16,
1,5,22,6,7,9,23,24,25,8,15,26,28,14,29,11,27,10,12,13,19,21,20,18,17,4,3,2,16,1,
1,5,22,6,7,10,8,9,
1,5,22,10,6,
1,5,22,10,6,7,8,9,11,12,13,14,15,23,24,25,26,27,28,29,21,20,19,18,17,16,4,3,2,1,
1,5,22,10,11,
1,5,22,10,11,13,6,7,8,
1,5,22,10,13,7,6,11,18,23,24,8,9,25,12,14,15,16,17,19,20,21,26,27,28,29,1,2,3,4,
1,5,22,10,14,
1,5,22,10,23,6,24,25,7,8,9,
1,5,22,10,26,
1,5,22,10,26,11,18,16,20,
1,5,22,10,27,
1,5,22,11,10,12,6,7,8,26,27,9,28,29,23,24,25,13,14,15,
1,5,22,12,8,
1,5,22,12,13,8,15,28,29,18,19,10,11,16,26,6,7,9,14,23,24,25,27,17,20,21,4,3,2,1,
1,5,22,14,15,16,23,
1,5,22,16,10,27,6,23,7,8,24,1,26,25,17,18,19,20,21,9,11,12,13,14,15,2,3,4,28,29,
1,5,22,17,18,11,
1,5,22,26,10,6,23,11,12,13,14,
1,5,22,26,25,10,11,13,12,27,28,29,23,24,6,7,8,9,16,17,18,19,20,21,14,15,1,2,3,4,
1,5,23,3,6,7,9,8,13,10,16,21,
1,5,26,6,22,
1,5,26,10,22,12,11,6,25,13,14,15,23,24,27,28,29,8,7,9,20,21,4,19,3,18,2,17,16,1,
1,5,26,11,2,16,22,
1,6,3,20,22,
1,6,5,7,8,9,
1,6,5,7,8,9,10,11,12,13,14,15,22,23,24,25,26,27,28,29,16,17,18,19,20,21,1,2,3,4,
1,6,5,10,12,15,22,25,11,7,8,23,24,13,14,9,26,27,28,29,4,3,2,21,20,19,18,17,16,1,
1,6,5,12,10,11,13,14,15,7,8,9,26,27,28,29,22,23,24,25,16,17,18,19,20,21,4,3,2,1,
1,6,5,12,11,7,8,9,10,22,
1,6,5,14,26,9,
1,6,7,5,8,
1,6,7,5,8,9,
1,6,7,9,5,8,
1,6,10,11,5,12,13,14,15,7,8,9,26,27,28,29,
1,6,18,8,29,
1,6,22,26,12,13,10,14,15,23,25,28,29,16,17,18,19,20,21,5,7,8,9,1,2,3,4,27,24,11,
1,7,5,6,8,9,
1,7,5,6,8,9,10,11,12,13,14,15,
1,7,5,6,9,8,
1,7,5,6,9,8,10,11,14,13,12,22,
1,7,5,6,9,8,22,23,24,25,10,26,
1,7,5,10,12,15,22,23,24,25,6,8,9,11,13,14,27,28,29,26,4,3,2,21,20,19,18,17,1,16,
1,8,5,6,7,9,
1,8,10,12,13,25,22,5,14,11,15,23,6,7,24,9,29,28,27,21,20,19,18,17,16,4,3,2,26,1,
1,9,1,16,4,3,2,5,6,7,
1,9,4,21,25,29,15,14,20,28,24,19,8,3,7,23,27,18,13,6,12,2,17,11,5,1,10,16,22,26,
1,9,5,6,7,
1,9,5,6,7,8,
1,9,5,8,7,6,
1,9,5,22,13,10,
1,9,6,7,5,8,10,11,13,14,15,12,
1,9,7,6,8,
1,9,8,7,6,5,
1,9,10,22,21,
1,9,18,22,10,16,1,20,26,23,17,11,5,2,6,27,28,24,19,12,7,3,4,8,13,25,29,14,21,15,
1,9,22,5,6,23,24,25,7,8,
3,10,
1,10,1,
1,10,1,2,11,22,
1,10,1,5,22,
1,10,1,5,22,26,11,12,25,6,7,13,23,27,28,14,15,2,3,8,24,9,29,4,20,19,21,18,17,16,
1,10,1,5,26,22,16,11,12,13,14,15,2,3,4,6,7,8,9,17,18,19,20,21,23,24,25,27,28,29,
1,10,1,14,13,
1,10,1,15,5,26,27,28,29,22,23,24,25,11,12,13,14,6,7,8,2,3,4,9,
1,10,1,16,5,11,26,12,13,14,15,6,17,18,7,19,8,2,21,3,4,22,23,24,25,27,28,29,
1,10,1,16,11,
1,10,1,16,22,
2,10,1,16,26,
1,10,1,17,22,26,
1,10,1,18,26,
1,10,1,25,2,11,
1,10,1,26,5,
1,10,1,26,5,22,16,2,27,12,29,
1,10,2,1,4,
1,10,2,11,1,27,3,4,13,12,
1,10,3,4,22,29,9,26,11,
1,10,5,1,14,
1,10,5,1,16,
1,10,5,1,22,16,26,
1,10,5,1,22,16,26,11,28,27,
1,10,5,1,26,
1,10,5,4,
1,10,5,6,7,8,9,3,11,13,14,15,22,16,17,18,19,20,21,23,24,25,12,1,2,4,26,27,28,29,
1,10,5,6,7,8,9,11,12,13,14,15,1,2,3,4,26,27,28,29,22,23,24,25,16,17,18,19,20,21,
1,10,5,6,7,8,9,22,23,24,25,11,12,13,14,15,26,16,27,17,28,18,29,19,20,21,1,2,3,4,
1,10,5,6,11,9,12,13,14,15,7,8,22,23,25,20,21,17,29,
1,10,5,6,11,12,13,14,15,7,8,9,26,27,28,29,22,23,24,25,
1,10,5,6,11,12,13,14,16,
1,10,5,6,11,22,26,12,7,13,14,8,15,9,23,24,25,27,28,29,16,17,18,19,20,21,1,2,3,4,
1,10,5,6,22,16,26,9,11,24,12,
1,10,5,8,11,12,13,14,15,22,26,23,24,25,27,28,29,6,7,9,21,20,19,18,17,16,4,3,2,1,
1,10,5,8,12,27,
1,10,5,11,1,28,29,14,
1,10,5,11,6,
1,10,5,11,6,7,8,9,12,13,14,15,26,27,28,29,22,23,24,25,16,17,18,19,20,21,1,2,3,4,
1,10,5,11,6,7,12,13,8,9,14,15,22,23,24,25,26,27,28,29,16,17,18,19,20,21,1,2,3,4,
1,10,5,11,6,12,7,13,8,14,
1,10,5,11,9,14,8,12,20,13,19,29,22,6,15,25,7,18,27,21,26,28,23,24,16,17,4,3,2,1,
1,10,5,11,12,
1,10,5,11,12,13,6,7,8,22,23,26,9,14,15,27,28,29,24,25,
2,10,5,11,12,13,14,
2,10,5,11,12,13,14,15,
1,10,5,11,12,13,14,15,6,7,8,9,16,17,18,19,20,21,22,23,24,25,26,27,28,29,1,2,3,4,
1,10,5,11,12,13,14,15,6,7,8,9,26,27,28,29,25,24,23,22,21,20,19,18,17,16,4,3,2,1,
1,10,5,11,12,13,14,15,6,7,22,23,8,24,25,9,26,27,28,29,16,17,18,19,20,21,1,2,3,4,
1,10,5,11,12,13,14,15,6,22,
1,10,5,11,12,13,14,15,22,23,24,25,6,7,8,9,
1,10,5,11,12,13,14,22,15,23,24,25,6,7,8,9,29,28,27,26,4,3,2,21,20,19,18,17,16,1,
1,10,5,11,12,14,15,
1,10,5,11,12,22,
1,10,5,11,16,
1,10,5,11,16,13,6,17,14,12,7,8,18,19,26,20,21,15,9,22,23,24,25,27,28,29,1,2,3,4,
2,10,5,11,22,
1,10,5,11,22,12,13,14,15,26,16,
1,10,5,11,22,26,12,13,14,
1,10,5,11,26,
1,10,5,12,11,13,9,8,6,25,22,15,
1,10,5,12,11,13,14,15,22,6,7,23,24,8,9,25,16,26,17,18,19,20,21,27,28,29,4,3,2,1,
1,10,5,12,11,14,
1,10,5,12,11,14,13,15,6,7,8,9,
1,10,5,12,13,14,15,
1,10,5,12,22,11,13,14,15,
1,10,5,13,6,11,12,7,8,14,15,9,
1,10,5,13,18,16,
1,10,5,15,26,
1,10,5,16,1,22,
1,10,5,16,11,12,22,13,14,15,6,7,8,9,
1,10,5,16,11,22,9,12,23,26,7,13,6,18,14,17,8,15,19,20,21,24,25,27,28,29,1,2,3,4,
1,10,5,16,22,11,1,12,13,14,15,6,7,8,9,17,18,19,20,21,23,24,25,2,3,4,26,27,28,29,
1,10,5,16,22,26,6,11,1,17,23,27,7,8,9,12,13,14,15,18,24,28,29,25,19,20,21,2,3,4,
1,10,5,16,22,26,15,14,13,12,11,17,18,19,20,21,27,28,29,25,24,23,6,7,8,
1,10,5,16,25,3,12,
1,10,5,16,25,6,
1,10,5,17,11,12,13,14,15,6,7,8,9,16,18,19,20,21,
1,10,5,17,22,11,13,16,6,7,15,12,19,21,23,27,20,14,29,9,8,26,24,25,18,28,1,2,3,4,
1,10,5,17,22,26,15,16,7,28,25,19,21,14,27,29,13,11,12,18,20,23,24,6,8,9,1,2,3,4,
1,10,5,18,24,
1,10,5,22,1,
1,10,5,22,1,16,
1,10,5,22,1,16,26,9,11,12,13,14,15,6,7,8,23,24,25,2,3,4,17,18,19,20,21,27,28,29,
2,10,5,22,6,
1,10,5,22,6,11,7,8,12,16,
1,10,5,22,6,12,26,14,15,
2,10,5,22,11,
1,10,5,22,11,6,23,7,12,24,8,13,25,9,14,15,
1,10,5,22,11,6,23,12,7,24,26,13,25,8,9,27,28,29,16,17,18,19,20,21,1,2,14,15,3,4,
1,10,5,22,11,6,23,16,26,7,12,
1,10,5,22,11,12,6,
2,10,5,22,11,12,13,14,15,
1,10,5,22,11,12,13,14,15,6,7,8,9,23,24,25,
1,10,5,22,11,12,13,14,15,6,7,8,9,26,23,24,25,27,28,29,21,20,19,4,3,2,18,17,16,1,
1,10,5,22,11,12,13,26,29,6,15,8,14,9,7,27,28,23,24,25,1,2,3,4,21,20,19,18,17,16,
2,10,5,22,11,26,12,13,25,14,15,6,7,8,9,23,24,27,28,29,21,20,19,18,17,16,4,3,2,1,
1,10,5,22,12,
1,10,5,22,12,7,13,14,15,8,9,6,11,23,24,25,16,17,18,19,20,21,26,27,28,29,4,3,2,1,
1,10,5,22,12,13,29,25,15,6,11,14,26,23,24,8,9,7,28,27,21,19,17,4,18,2,20,3,16,1,
1,10,5,22,14,
1,10,5,22,14,12,7,6,11,13,8,15,9,23,24,25,
1,10,5,22,14,12,15,13,11,
1,10,5,22,15,12,11,13,14,26,27,28,29,23,24,25,6,7,8,9,21,20,19,18,17,16,4,3,2,1,
1,10,5,22,16,1,
1,10,5,22,16,15,11,24,14,12,13,27,3,7,6,9,8,25,18,17,19,20,21,2,4,28,29,26,1,23,
1,10,5,22,17,
1,10,5,22,23,16,9,21,12,11,17,20,18,6,13,19,25,14,24,7,15,8,1,2,3,4,27,28,29,26,
1,10,5,22,24,11,12,13,14,15,8,6,7,9,23,25,26,27,28,29,16,17,18,19,20,21,4,3,2,1,
1,10,5,22,25,
12,10,5,22,26,
1,10,5,22,26,11,
1,10,5,22,26,11,6,12,9,
1,10,5,22,26,11,12,6,13,
1,10,5,22,26,11,12,13,14,
1,10,5,22,26,11,12,13,14,15,
1,10,5,22,26,11,12,13,14,15,6,7,8,9,23,24,25,27,28,29,16,17,18,19,20,21,1,2,3,4,
1,10,5,22,26,11,12,13,14,15,6,7,8,9,23,24,25,27,28,29,16,17,18,19,20,21,4,3,2,1,
1,10,5,22,26,11,12,14,13,6,15,23,7,27,24,8,25,9,28,29,
1,10,5,22,26,11,23,27,12,13,14,15,6,7,8,9,28,29,24,25,
1,10,5,22,26,12,13,29,25,11,15,14,6,7,8,9,27,28,23,24,16,17,18,19,20,21,1,2,3,4,
2,10,5,22,26,16,1,
1,10,5,22,26,16,27,23,24,25,11,12,13,14,15,17,18,19,20,21,28,29,6,7,8,9,4,3,2,1,
1,10,5,22,26,29,12,14,16,15,13,24,8,7,6,11,17,21,27,28,23,25,18,19,9,20,4,3,2,1,
1,10,5,22,27,
1,10,5,23,29,
1,10,5,25,23,22,26,29,
2,10,5,26,11,
1,10,5,26,11,6,27,12,7,28,13,8,29,9,22,23,24,25,14,15,16,17,18,19,20,21,1,2,3,4,
1,10,5,26,11,12,13,14,6,7,8,9,27,28,29,22,23,24,25,21,20,19,18,17,4,3,2,16,1,15,
1,10,5,26,12,13,22,6,23,11,14,15,25,7,8,9,16,
1,10,5,26,12,18,25,13,20,22,24,
1,10,5,26,16,22,11,6,1,17,27,12,23,7,13,
1,10,5,26,22,
1,10,5,26,22,11,6,23,27,12,7,24,28,13,8,25,29,14,9,15,16,1,17,2,18,3,19,4,20,21,
1,10,5,26,22,11,24,12,20,13,27,23,14,15,25,28,29,6,7,8,9,21,19,18,4,3,17,16,2,1,
1,10,5,26,22,16,11,
1,10,5,27,13,
1,10,6,5,14,13,11,12,15,22,26,29,7,8,9,23,24,25,27,28,17,18,19,21,4,2,3,20,1,16,
1,10,6,11,9,26,16,5,22,
1,10,6,16,11,1,5,24,18,3,26,
1,10,6,16,11,1,5,24,26,
1,10,6,19,11,15,14,16,13,21,12,
1,10,6,22,5,1,26,16,12,7,2,23,8,27,24,17,11,13,25,28,18,3,14,29,19,15,9,4,20,21,
1,10,6,22,5,23,7,11,12,13,14,15,9,8,26,27,28,29,24,25,1,2,3,4,16,17,18,19,20,21,
1,10,6,22,12,
1,10,6,26,16,11,12,13,14,15,
1,10,6,26,22,11,12,5,13,14,15,27,23,7,8,28,29,24,25,9,21,20,19,18,17,16,4,3,2,1,
1,10,9,3,25,4,5,28,22,26,11,29,13,8,27,6,
1,10,9,8,7,6,5,11,12,13,14,15,26,27,28,29,1,2,3,4,22,23,24,
1,10,11,1,5,28,18,
1,10,11,1,22,26,15,
1,10,11,4,26,
1,10,11,5,1,12,16,22,14,25,26,
1,10,11,5,6,9,
1,10,11,5,6,13,14,15,12,22,25,23,24,26,29,7,8,9,27,28,21,20,19,17,16,18,4,3,2,1,
2,10,11,5,6,22,23,26,27,12,7,24,13,14,15,25,8,9,28,29,21,4,20,19,18,3,17,2,16,1,
1,10,11,5,6,22,26,23,27,12,7,
1,10,11,5,6,22,27,13,12,26,21,19,9,29,18,7,14,15,17,24,8,4,3,2,1,23,28,20,16,25,
1,10,11,5,6,26,12,13,14,15,22,23,7,8,9,27,28,29,24,25,21,20,19,18,4,3,2,17,1,16,
1,10,11,5,7,
1,10,11,5,12,13,14,15,22,6,7,8,9,23,24,25,16,1,26,2,17,27,3,18,28,4,19,20,21,29,
1,10,11,5,12,13,14,15,22,26,
1,10,11,5,13,12,15,14,26,22,
1,10,11,5,15,
1,10,11,5,22,
1,10,11,5,22,12,6,26,13,15,28,
1,10,11,5,22,12,23,6,13,26,
1,10,11,5,22,12,26,13,16,14,15,6,7,8,9,24,25,23,27,28,29,17,18,19,20,21,1,2,3,4,
1,10,11,5,22,12,26,29,15,14,13,6,19,
1,10,11,5,22,16,17,26,15,6,7,8,9,12,13,14,18,19,20,21,1,23,24,27,28,29,25,
1,10,11,5,22,23,24,25,6,7,8,9,1,2,3,4,12,13,14,15,26,27,28,29,16,17,18,19,20,21,
1,10,11,5,22,26,27,24,25,
1,10,11,5,25,12,22,26,
1,10,11,5,26,9,
2,10,11,5,26,13,
1,10,11,6,5,14,15,13,12,
1,10,11,6,12,13,14,15,5,7,8,9,
1,10,11,6,26,1,15,14,22,5,7,8,9,13,12,
1,10,11,8,5,26,6,7,9,12,13,14,15,
1,10,11,9,1,
1,10,11,9,22,24,5,13,
1,10,11,12,5,
1,10,11,12,5,6,7,22,26,13,14,15,8,9,23,24,25,27,28,29,1,2,3,4,16,17,18,19,20,21,
1,10,11,12,5,6,8,13,14,15,
1,10,11,12,5,13,
1,10,11,12,5,13,6,14,15,22,23,7,8,9,26,27,24,25,28,29,21,20,19,18,17,16,4,3,2,1,
1,10,11,12,5,13,14,
1,10,11,12,5,13,14,15,6,7,8,9,25,26,27,28,29,22,23,24,21,20,19,18,17,16,4,3,2,1,
1,10,11,12,5,16,26,6,13,14,15,27,28,29,7,8,9,17,18,19,20,21,22,23,24,25,1,2,3,4,
1,10,11,12,5,22,6,7,9,14,15,13,8,23,24,25,26,27,28,29,18,20,21,19,17,16,1,2,3,4,
1,10,11,12,5,22,6,25,20,13,7,14,15,26,23,24,27,28,29,
1,10,11,12,5,22,13,6,26,1,14,
1,10,11,12,5,22,13,14,15,
1,10,11,12,5,22,13,14,15,23,24,25,26,27,28,29,4,3,2,1,
1,10,11,12,5,22,13,14,15,26,6,7,8,9,23,27,24,28,25,29,21,20,19,18,17,16,4,3,2,1,
1,10,11,12,5,22,26,13,14,15,28,29,6,27,23,24,25,7,8,9,
1,10,11,12,5,22,26,18,16,
1,10,11,12,5,26,27,22,23,6,
1,10,11,12,9,26,22,16,
25,10,11,12,13,
1,10,11,12,13,1,2,3,16,22,17,23,18,24,19,25,4,26,27,28,29,14,15,5,6,7,8,9,20,21,
1,10,11,12,13,5,
1,10,11,12,13,5,6,26,14,
1,10,11,12,13,5,19,29,22,4,
